387
 -1.272728E-03  2.642214E+02  2.745871E-03  3.087317E-07  1.611659E-07  3.619439E-04  1.474172E-05  7.114639E-04 -6.142422E-06  1.180333E-04  9.286101E-05 -2.047931E+01  7.422620E-01  3.057169E-01  0.000000E+00
 -1.267825E-03  2.642277E+02  2.663014E-03  5.063809E-07  5.594695E-07  6.709370E-04  4.807406E-05  2.415362E-05 -1.164675E-05  2.305950E-07 -4.888499E-05 -4.134417E+01 -3.012649E+00  3.821461E-01  0.000000E+00
 -1.262922E-03  2.642353E+02  3.546406E-03  3.301174E-07  2.579893E-07  8.349103E-04  2.488875E-05 -6.092347E-04  4.803894E-06 -1.083756E-04  2.821131E-05 -9.659797E+01 -3.653325E+00  4.585754E-01  0.000000E+00
 -1.258019E-03  2.642474E+02  1.061537E-03  4.929989E-08  3.314198E-07  1.563024E-04  3.751247E-05  2.725000E-04 -1.133882E-05  4.899906E-05 -2.826426E-05 -2.504866E+01 -5.383655E+00  3.057169E-01  0.000000E+00
 -1.253116E-03  2.642543E+02  1.632382E-03  2.442968E-07  6.654471E-07  5.518118E-04  3.231866E-05  1.116894E-04  8.588065E-06  1.606587E-05  8.386617E-06 -5.775514E+01 -1.690539E+00  4.585754E-01  0.000000E+00
 -1.248213E-03  2.642611E+02  4.882380E-03  1.620187E-06  9.160873E-07  7.140496E-04  4.032307E-05 -1.087216E-04  4.989780E-06 -2.402438E-05 -3.501641E-06 -1.403648E+01 -2.256605E+00  4.585754E-01  0.000000E+00
 -1.243310E-03  2.642707E+02  1.777179E-03  6.121908E-07  1.278872E-06  6.630855E-04  3.846408E-05 -1.061393E-04  6.987775E-06 -2.035490E-05 -1.852181E-06 -3.262262E+01 -1.307397E+00  4.585754E-01  0.000000E+00
 -1.238407E-03  2.642751E+02  1.393377E-03  7.020156E-07  4.184825E-07  7.057193E-04  1.914515E-05  2.943236E-04 -1.595773E-05  4.705672E-05 -6.151731E-05 -3.159984E+01 -1.007491E+00  4.585754E-01  0.000000E+00
 -1.233504E-03  2.642849E+02  1.631181E-03  4.020192E-07  8.058785E-07  3.873723E-04  3.590766E-05  8.706234E-05  1.156076E-05  1.258097E-05  4.762563E-05 -1.764109E+01 -1.890879E+00  6.114338E-01  0.000000E+00
 -1.228601E-03  2.642939E+02  2.380147E-03  7.142696E-07  5.005389E-07  5.742057E-04  3.292216E-05  8.772624E-06  3.819288E-07  2.369522E-07  1.429538E-05 -2.201966E+01 -3.202688E+00  5.350046E-01  0.000000E+00
 -1.223697E-03  2.642994E+02  2.922865E-03  1.533748E-07  6.863136E-08  2.978009E-04  2.632510E-05 -2.837892E-04 -1.074022E-05 -5.074761E-05 -5.723882E-05 -2.640359E+01 -1.234437E+01  3.821461E-01  0.000000E+00
 -1.218794E-03  2.643055E+02  4.659979E-03  1.115284E-06  7.884681E-07  8.915420E-04  3.305614E-05  1.585141E-04  2.385821E-06  2.144053E-05  1.254367E-05 -3.207374E+01 -1.554932E+00  7.642923E-01  0.000000E+00
 -1.213891E-03  2.643125E+02  2.897063E-03  1.347006E-06  5.763289E-07  6.198646E-04  2.862703E-05  1.256133E-04  5.673883E-06  1.890011E-05  3.978763E-05 -1.272920E+01 -1.540256E+00  5.350046E-01  0.000000E+00
 -1.208988E-03  2.643180E+02  3.409611E-03  1.239023E-06  8.313772E-07  8.059106E-04  4.621197E-05 -7.998433E-05 -2.656473E-06 -1.692826E-05 -2.989342E-05 -2.383419E+01 -2.162340E+00  7.642923E-01  0.000000E+00
 -1.204085E-03  2.643264E+02  3.997892E-03  9.845978E-07  4.425091E-07  6.728049E-04  3.348179E-05  2.191380E-04  7.221736E-06  3.375153E-05  6.798817E-05 -2.047789E+01 -3.232929E+00  8.407215E-01  0.000000E+00
 -1.199182E-03  2.643325E+02  2.377592E-03  6.050411E-07  3.864595E-07  6.887871E-04  3.343473E-05 -3.899428E-04  4.848952E-06 -7.209831E-05 -4.722403E-05 -3.597143E+01 -2.231344E+00  5.350046E-01  0.000000E+00
 -1.194279E-03  2.643386E+02  2.164449E-03  7.467152E-07  5.454095E-07  5.853910E-04  2.474094E-05  2.960326E-04 -2.985687E-05  4.964388E-05 -1.204174E-04 -2.059330E+01 -8.052171E-01  8.407215E-01  0.000000E+00
 -1.189376E-03  2.643463E+02  3.082071E-03  1.001630E-06  6.077899E-07  7.167832E-04  2.702305E-05 -1.573273E-04  1.069903E-05 -3.116814E-05  1.033256E-04 -2.253156E+01 -1.447130E+00  9.935799E-01  0.000000E+00
 -1.184473E-03  2.643513E+02  3.308190E-03  8.467958E-07  5.771457E-07  6.297463E-04  2.427711E-05 -2.276249E-05 -1.809392E-05 -5.676160E-06 -1.026263E-04 -2.143111E+01 -1.054835E+00  1.146438E+00  0.000000E+00
 -1.179569E-03  2.643550E+02  3.134912E-03  8.598283E-07  3.665971E-07  7.142074E-04  3.353060E-05  3.839358E-04 -7.791438E-06  5.837704E-05  4.610301E-05 -2.693626E+01 -2.492829E+00  6.878630E-01  0.000000E+00
 -1.174666E-03  2.643625E+02  4.284996E-03  6.275144E-07  6.948035E-07  6.209033E-04  3.645173E-05 -1.395030E-04  2.194929E-05 -2.708539E-05  4.979017E-05 -2.850886E+01 -2.065247E+00  1.070009E+00  0.000000E+00
 -1.169763E-03  2.643669E+02  4.322266E-03  8.062307E-07  5.866444E-07  7.191690E-04  2.574733E-05  6.668438E-05 -6.880344E-06  8.736141E-06 -3.682818E-05 -2.837707E+01 -1.535594E+00  1.222868E+00  0.000000E+00
 -1.164860E-03  2.643709E+02  3.385480E-03  9.113973E-07  4.951798E-07  7.656669E-04  2.905899E-05  9.171611E-05 -3.746356E-06  1.109416E-05 -3.518607E-06 -2.892676E+01 -2.059312E+00  9.935799E-01  0.000000E+00
 -1.159957E-03  2.643757E+02  5.305517E-03  8.448772E-07  5.793228E-07  6.566419E-04  2.502761E-05 -1.604792E-04 -2.022128E-06 -3.004222E-05 -9.347327E-06 -2.328319E+01 -1.249272E+00  1.834301E+00  0.000000E+00
 -1.155054E-03  2.643817E+02  6.225863E-03  9.023133E-07  6.030927E-07  7.106272E-04  2.473358E-05  5.816117E-05  1.053309E-05  6.191469E-06  4.019017E-05 -2.511135E+01 -1.445927E+00  1.222868E+00  0.000000E+00
 -1.150151E-03  2.643867E+02  4.978499E-03  1.018763E-06  9.784877E-07  6.062027E-04  3.106046E-05  9.088667E-05  3.562734E-06  1.303388E-05  1.344051E-05 -1.610607E+01 -1.242670E+00  1.452155E+00  0.000000E+00
 -1.145248E-03  2.643875E+02  5.762227E-03  1.092958E-06  6.214993E-07  8.154983E-04  2.781681E-05 -2.582330E-05 -7.017468E-06 -5.996422E-06 -3.146901E-05 -2.729700E+01 -8.740478E-01  1.681443E+00  0.000000E+00
 -1.140345E-03  2.643927E+02  7.049321E-03  6.681400E-07  8.151328E-07  5.758156E-04  2.847365E-05  1.590601E-04  2.705600E-06  2.412562E-05  2.694523E-05 -2.278604E+01 -1.190744E+00  1.605014E+00  0.000000E+00
 -1.135442E-03  2.643956E+02  8.158284E-03  1.031989E-06  7.046343E-07  6.516488E-04  2.621401E-05 -6.786812E-06  8.209278E-06 -6.231748E-06  2.379762E-06 -1.856423E+01 -1.209784E+00  2.063589E+00  0.000000E+00
 -1.130538E-03  2.643972E+02  7.407715E-03  7.479574E-07  5.647203E-07  5.687883E-04  1.998311E-05 -4.940946E-05 -2.701664E-06 -1.006381E-05 -1.864573E-05 -1.988408E+01 -9.677102E-01  2.140018E+00  0.000000E+00
 -1.125635E-03  2.644023E+02  9.560737E-03  7.347549E-07  8.290289E-07  6.153543E-04  3.072591E-05 -6.103693E-05 -4.478487E-06 -1.383379E-05 -2.487544E-05 -2.355364E+01 -1.360674E+00  2.063589E+00  0.000000E+00
 -1.120732E-03  2.644032E+02  9.790607E-03  1.047617E-06  6.192109E-07  7.006364E-04  2.115497E-05  5.065229E-05 -8.935921E-07  4.984364E-06  8.709443E-06 -2.104874E+01 -9.273375E-01  2.751452E+00  0.000000E+00
 -1.115829E-03  2.644068E+02  1.108274E-02  9.317192E-07  8.135030E-07  5.982394E-04  2.757359E-05 -2.086962E-05  9.408180E-06 -6.538708E-06  2.267600E-05 -1.765480E+01 -1.206010E+00  2.292877E+00  0.000000E+00
 -1.110926E-03  2.644032E+02  1.186236E-02  7.119354E-07  5.882939E-07  5.464233E-04  1.830200E-05  3.865953E-05 -3.914264E-07  3.726411E-06  7.659881E-06 -1.953949E+01 -5.916772E-01  2.980740E+00  0.000000E+00
 -1.106023E-03  2.644095E+02  1.226868E-02  1.106831E-06  7.322855E-07  7.135621E-04  1.900645E-05  5.932023E-06 -2.242769E-07 -2.719045E-06  3.127062E-06 -2.102958E+01 -3.650372E-01  3.133598E+00  0.000000E+00
 -1.101120E-03  2.644076E+02  1.358662E-02  8.250721E-07  6.108893E-07  6.186240E-04  1.783666E-05 -3.196089E-05  1.076006E-06 -9.373499E-06  2.955210E-06 -2.130057E+01 -6.170412E-01  3.362886E+00  0.000000E+00
 -1.096217E-03  2.644078E+02  1.506896E-02  1.182867E-06  6.551975E-07  6.952501E-04  2.118170E-05  3.178793E-05  1.914556E-06  1.587065E-06  2.959599E-05 -1.896806E+01 -4.449918E-01  3.133598E+00  0.000000E+00
 -1.091314E-03  2.644117E+02  1.858292E-02  8.736177E-07  1.002918E-06  6.062559E-04  2.380759E-05  3.961493E-05  7.853291E-07  4.145262E-06 -6.686724E-06 -1.955939E+01 -3.627177E-01  3.897890E+00  0.000000E+00
 -1.086410E-03  2.644110E+02  1.719946E-02  8.893020E-07  7.505484E-07  6.486331E-04  1.930379E-05 -4.124270E-06  2.421683E-07 -5.449365E-06 -1.209780E-05 -2.212110E+01  1.467931E-01  4.127178E+00  0.000000E+00
 -1.081507E-03  2.644093E+02  1.837889E-02  8.622401E-07  7.566591E-07  6.270152E-04  2.000905E-05  1.013017E-04 -2.183244E-06  1.411202E-05  9.141361E-06 -2.140318E+01  1.176819E-01  5.044329E+00  0.000000E+00
 -1.076604E-03  2.644060E+02  2.071034E-02  7.453655E-07  7.801915E-07  5.442196E-04  2.022529E-05  7.629581E-05 -6.122265E-06  1.050511E-05 -1.258125E-05 -1.894294E+01  1.651459E-01  4.738612E+00  0.000000E+00
 -1.071701E-03  2.644094E+02  2.446785E-02  1.050551E-06  8.499893E-07  6.401236E-04  2.493315E-05 -4.401788E-05  9.991322E-06 -1.193119E-05 -2.340404E-05 -1.849071E+01  5.250224E-01  5.120758E+00  0.000000E+00
 -1.066798E-03  2.644044E+02  2.170745E-02  6.988769E-07  6.910645E-07  5.536714E-04  2.751402E-05 -1.344313E-04 -4.200982E-06 -2.847689E-05  4.035857E-05 -2.124362E+01  9.376516E-01  5.808621E+00  0.000000E+00
 -1.061895E-03  2.644063E+02  2.341993E-02  9.109630E-07  5.775856E-07  5.951019E-04  2.136054E-05  2.471846E-04 -1.099851E-05  4.194547E-05  3.251258E-05 -1.866801E+01  8.546715E-01  5.961480E+00  0.000000E+00
 -1.056992E-03  2.644051E+02  2.935875E-02  6.326663E-07  7.499143E-07  5.037519E-04  2.690837E-05  5.230377E-05  4.669399E-06  7.482429E-06 -6.338367E-05 -1.966689E+01  9.968710E-01  6.420055E+00  0.000000E+00
 -1.052089E-03  2.644050E+02  2.800815E-02  9.082602E-07  6.990886E-07  5.536957E-04  3.760609E-05 -1.954632E-04  8.819165E-06 -3.999467E-05 -4.485939E-05 -1.684377E+01  1.461538E+00  5.655763E+00  0.000000E+00
 -1.047186E-03  2.644091E+02  3.181932E-02  9.266935E-07  1.102453E-06  5.644199E-04  4.248694E-05 -1.578022E-04  2.112324E-06 -3.308944E-05  2.339583E-05 -1.727549E+01  1.133837E+00  8.407215E+00  0.000000E+00
 -1.042283E-03  2.644037E+02  3.016563E-02  9.680155E-07  6.847408E-07  5.508181E-04  4.326340E-05  9.157174E-05 -7.718552E-06  1.177941E-05  3.530049E-05 -1.582303E+01  1.996539E+00  7.795781E+00  0.000000E+00
 -1.037379E-03  2.644082E+02  3.339762E-02  1.136091E-06  9.664228E-07  5.646439E-04  4.774752E-05  1.672091E-04 -2.502718E-06  2.690357E-05  6.733191E-06 -1.423781E+01  1.630775E+00  8.330786E+00  0.000000E+00
 -1.032476E-03  2.644009E+02  3.250188E-02  9.076187E-07  9.068386E-07  5.058432E-04  5.226774E-05  3.677427E-05  8.981726E-06  3.916015E-06 -3.540006E-05 -1.455545E+01  1.775995E+00  7.795781E+00  0.000000E+00
 -1.027573E-03  2.644084E+02  3.669658E-02  8.150378E-07  1.101363E-06  5.263684E-04  5.996472E-05 -9.861891E-05  1.816100E-06 -2.385151E-05 -1.826592E-05 -1.778523E+01  1.879403E+00  8.789361E+00  0.000000E+00
 -1.022670E-03  2.644085E+02  3.645715E-02  9.256682E-07  1.041220E-06  5.446194E-04  6.686138E-05 -6.338191E-05 -5.843548E-06 -1.644616E-05  2.158310E-05 -1.709733E+01  2.067933E+00  1.008866E+01  0.000000E+00
 -1.017767E-03  2.644090E+02  3.640200E-02  9.412854E-07  1.061437E-06  5.058361E-04  7.375123E-05  3.703165E-05 -1.056633E-05  3.121391E-06  2.450548E-05 -1.482886E+01  2.346456E+00  1.016509E+01  0.000000E+00
 -1.012864E-03  2.644101E+02  3.843213E-02  1.157716E-06  1.009525E-06  5.201650E-04  7.487044E-05  7.277807E-05 -2.698159E-06  9.052850E-06  1.279497E-05 -1.281856E+01  2.451824E+00  9.782941E+00  0.000000E+00
 -1.007961E-03  2.644148E+02  4.065739E-02  1.206943E-06  1.309913E-06  4.967136E-04  8.506472E-05  7.449799E-05  1.502118E-05  1.062082E-05 -2.459271E-05 -1.130395E+01  2.288393E+00  9.477224E+00  0.000000E+00
 -1.003058E-03  2.644100E+02  3.745842E-02  1.022053E-06  1.135296E-06  4.535147E-04  9.475846E-05  4.164847E-05 -1.036054E-06  4.068114E-06 -5.260190E-06 -1.155064E+01  2.835222E+00  1.115867E+01  0.000000E+00
 -9.981546E-04  2.644130E+02  3.772792E-02  1.013411E-06  1.077341E-06  4.743016E-04  1.009929E-04 -3.862910E-05  8.027907E-06 -1.254246E-05 -1.007559E-05 -1.302846E+01  3.019119E+00  1.123510E+01  0.000000E+00
 -9.932515E-04  2.644204E+02  4.315258E-02  1.281314E-06  1.394194E-06  5.053005E-04  1.045498E-04 -2.722929E-05 -2.399480E-06 -1.077203E-05  6.593343E-07 -1.164347E+01  2.483327E+00  1.100581E+01  0.000000E+00
 -9.883484E-04  2.644202E+02  4.241782E-02  1.231222E-06  1.327899E-06  4.550878E-04  1.132565E-04 -1.784501E-05 -5.482721E-06 -9.172210E-06  3.972659E-06 -1.008273E+01  2.899980E+00  1.230511E+01  0.000000E+00
 -9.834453E-04  2.644234E+02  4.202517E-02  1.290410E-06  1.405671E-06  4.350071E-04  1.244617E-04  6.408233E-05  1.032534E-06  9.653441E-06  4.913682E-06 -8.926738E+00  2.984715E+00  1.192296E+01  0.000000E+00
 -9.785421E-04  2.644296E+02  4.515726E-02  1.297117E-06  1.602140E-06  4.375015E-04  1.290158E-04  3.944548E-05  6.124573E-06  4.629403E-06 -6.840326E-06 -9.173618E+00  2.730451E+00  1.238153E+01  0.000000E+00
 -9.736390E-04  2.644314E+02  4.277609E-02  1.347832E-06  1.461014E-06  4.280196E-04  1.335007E-04  1.921509E-05  4.107993E-06 -1.261191E-06 -7.615845E-06 -8.687161E+00  2.964742E+00  1.253439E+01  0.000000E+00
 -9.687359E-04  2.644337E+02  4.284536E-02  1.294736E-06  1.462488E-06  3.964219E-04  1.429131E-04 -5.084402E-06 -4.168558E-06 -6.839484E-06 -5.312993E-07 -8.096326E+00  3.120480E+00  1.207582E+01  0.000000E+00
 -9.638328E-04  2.644418E+02  4.106799E-02  1.390686E-06  1.811174E-06  3.977104E-04  1.587565E-04  7.076946E-06 -4.658470E-06 -3.874776E-06  7.732887E-06 -7.684959E+00  2.952906E+00  1.368083E+01  0.000000E+00
 -9.589297E-04  2.644397E+02  4.441417E-02  1.457031E-06  1.593837E-06  3.770289E-04  1.535495E-04 -1.771264E-05  4.524327E-06 -9.440340E-06 -7.256701E-06 -6.762592E+00  3.007757E+00  1.245796E+01  0.000000E+00
 -9.540266E-04  2.644458E+02  3.992072E-02  1.363562E-06  1.410722E-06  3.686971E-04  1.655643E-04  8.822553E-06 -2.767770E-06 -3.385040E-06  2.902330E-06 -7.285514E+00  3.651242E+00  1.398655E+01  0.000000E+00
 -9.491235E-04  2.644495E+02  4.561235E-02  1.446805E-06  1.962699E-06  3.537592E-04  1.772362E-04  2.563618E-05 -1.318165E-05  5.621847E-07  7.276326E-06 -6.121072E+00  2.928055E+00  1.383369E+01  0.000000E+00
 -9.442204E-04  2.644537E+02  4.318038E-02  1.438752E-06  1.695761E-06  3.362694E-04  1.833466E-04 -9.226639E-06  2.610364E-06 -7.073187E-06 -3.138966E-06 -5.957933E+00  3.361200E+00  1.452155E+01  0.000000E+00
 -9.393173E-04  2.644635E+02  4.492725E-02  1.735526E-06  1.908133E-06  3.559368E-04  1.881857E-04  3.605403E-05  1.097553E-05  3.168791E-06 -2.933251E-06 -5.437254E+00  3.002161E+00  1.383369E+01  0.000000E+00
 -9.344142E-04  2.644653E+02  4.128554E-02  1.625275E-06  1.757167E-06  3.148035E-04  1.920569E-04 -1.778594E-05  1.254906E-05 -1.394892E-05 -4.035376E-06 -4.843514E+00  3.105114E+00  1.421584E+01  0.000000E+00
 -9.295111E-04  2.644732E+02  4.152323E-02  1.742184E-06  1.731261E-06  3.127225E-04  1.982000E-04 -1.627395E-06 -1.935628E-05 -6.458774E-06  9.905481E-06 -4.565702E+00  3.350630E+00  1.436869E+01  0.000000E+00
 -9.246080E-04  2.644753E+02  4.384294E-02  1.793267E-06  1.688497E-06  3.031143E-04  1.937637E-04  1.139766E-05 -4.902036E-06 -2.762889E-06  1.091298E-06 -4.236960E+00  3.039300E+00  1.520942E+01  0.000000E+00
 -9.197049E-04  2.644838E+02  4.102009E-02  1.589586E-06  1.890592E-06  2.642232E-04  2.228573E-04  3.442062E-05 -1.878479E-05  4.890227E-06  7.698466E-06 -3.877278E+00  3.452365E+00  1.574442E+01  0.000000E+00
 -9.148018E-04  2.644902E+02  4.279051E-02  1.525381E-06  2.024376E-06  2.627692E-04  2.336661E-04  1.377468E-05 -5.417715E-08 -1.832093E-06  2.303417E-06 -4.081832E+00  3.461981E+00  1.391012E+01  0.000000E+00
 -9.098987E-04  2.644905E+02  4.206455E-02  1.783267E-06  2.034702E-06  2.375974E-04  2.322442E-04 -6.202098E-06  1.923279E-05 -1.140389E-05 -5.628754E-06 -2.897273E+00  3.103980E+00  1.459798E+01  0.000000E+00
 -9.049956E-04  2.644984E+02  3.912061E-02  1.696113E-06  2.068310E-06  2.282044E-04  2.459995E-04  5.019148E-05  3.615257E-06  1.222023E-05 -5.857973E-07 -3.030658E+00  3.241025E+00  1.597371E+01  0.000000E+00
 -9.000925E-04  2.645034E+02  4.061339E-02  1.765837E-06  1.814642E-06  2.228522E-04  2.335904E-04  1.201072E-05  1.496438E-05 -5.266664E-06 -6.967990E-06 -2.959623E+00  3.262013E+00  1.559156E+01  0.000000E+00
 -8.951894E-04  2.645151E+02  4.234063E-02  1.988720E-06  2.354203E-06  2.272985E-04  2.630064E-04 -1.662867E-05 -1.677196E-05 -1.358738E-05  5.352462E-06 -2.554604E+00  3.134485E+00  1.589728E+01  0.000000E+00
 -8.902862E-04  2.645152E+02  3.869963E-02  1.767538E-06  1.801104E-06  2.000127E-04  2.518710E-04  1.574958E-05  2.426787E-05 -1.873112E-06 -9.939138E-06 -2.413186E+00  3.425370E+00  1.696729E+01  0.000000E+00
 -8.853831E-04  2.645249E+02  3.685914E-02  1.825645E-06  2.005100E-06  1.877126E-04  2.663402E-04  8.027865E-06 -1.673044E-05 -4.110204E-06  6.218340E-06 -2.124011E+00  3.288950E+00  1.543870E+01  0.000000E+00
 -8.804800E-04  2.645317E+02  3.575850E-02  1.798502E-06  1.828839E-06  1.757281E-04  2.695168E-04 -3.339279E-07 -7.140843E-06 -7.251230E-06  1.646284E-06 -2.047918E+00  3.588298E+00  1.536227E+01  0.000000E+00
 -8.755769E-04  2.645370E+02  3.845442E-02  1.686646E-06  1.946648E-06  1.597577E-04  2.765883E-04  3.815289E-06  9.941942E-06 -4.513388E-06 -1.382082E-06 -1.769132E+00  3.539239E+00  1.605014E+01  0.000000E+00
 -8.706738E-04  2.645469E+02  3.834193E-02  2.077144E-06  2.011815E-06  1.780124E-04  2.701541E-04  1.977927E-05  1.144994E-06 -6.101696E-06 -7.974448E-07 -1.838797E+00  3.132237E+00  1.673800E+01  0.000000E+00
 -8.657707E-04  2.645485E+02  3.560277E-02  1.650547E-06  1.849235E-06  1.404919E-04  2.846879E-04  1.291869E-06 -3.745696E-06 -1.264932E-05  2.171430E-07 -1.474814E+00  3.490508E+00  1.689086E+01  0.000000E+00
 -8.608676E-04  2.645582E+02  3.511652E-02  1.669643E-06  1.882323E-06  1.251522E-04  2.867471E-04  1.332900E-05 -3.170190E-06 -3.661885E-06  1.835688E-06 -1.262551E+00  3.484219E+00  1.650871E+01  0.000000E+00
 -8.559645E-04  2.645631E+02  3.254282E-02  1.373953E-06  1.757352E-06  1.049096E-04  2.979629E-04  1.511667E-05  4.152356E-06 -5.507951E-06 -1.186886E-06 -1.145664E+00  3.597950E+00  1.605014E+01  0.000000E+00
 -8.510614E-04  2.645739E+02  3.504574E-02  1.782240E-06  2.041695E-06  1.135733E-04  2.977510E-04  1.233739E-05  3.473324E-06 -3.057782E-06 -2.934422E-06 -9.032363E-01  3.235515E+00  1.841944E+01  0.000000E+00
 -8.461583E-04  2.645802E+02  3.479064E-02  1.815706E-06  1.905172E-06  1.123962E-04  3.008394E-04  1.389392E-05 -1.023979E-05 -5.790961E-06  3.666563E-06 -8.122284E-01  3.353657E+00  1.796087E+01  0.000000E+00
 -8.412552E-04  2.645867E+02  3.142745E-02  1.546112E-06  1.807691E-06  9.556152E-05  3.167036E-04  2.203194E-05  1.620320E-05  1.790839E-06 -3.916123E-06 -6.416386E-01  3.706408E+00  1.566799E+01  0.000000E+00
 -8.363521E-04  2.645954E+02  3.204498E-02  1.829865E-06  1.622489E-06  9.795119E-05  3.040356E-04  8.407098E-06 -8.941879E-06 -8.845245E-06  3.193511E-06 -4.532213E-01  3.744231E+00  1.796087E+01  0.000000E+00
 -8.314490E-04  2.646033E+02  3.131373E-02  1.640344E-06  1.940604E-06  8.922676E-05  3.266426E-04  1.534570E-05  1.875763E-05 -5.170443E-06 -5.461640E-06 -3.849668E-01  3.515699E+00  1.689086E+01  0.000000E+00
 -8.265459E-04  2.646083E+02  2.707428E-02  1.589145E-06  1.269868E-06  7.857348E-05  3.093400E-04  1.681387E-05  6.811764E-06 -8.407980E-06  2.694347E-07 -1.203207E-01  4.403122E+00  1.643228E+01  0.000000E+00
 -8.216428E-04  2.646163E+02  2.835413E-02  1.425617E-06  1.830899E-06  7.576536E-05  3.330500E-04  1.364088E-05 -1.223092E-05 -1.279257E-06  2.045158E-06 -5.870519E-04  3.639380E+00  1.841944E+01  0.000000E+00
 -8.167397E-04  2.646203E+02  2.716471E-02  1.422845E-06  1.172974E-06  7.790276E-05  3.027742E-04  2.423865E-05 -2.065300E-05 -3.571571E-06  4.258198E-06  1.438777E-02  4.395980E+00  1.765515E+01  0.000000E+00
 -8.118366E-04  2.646308E+02  2.646180E-02  1.537560E-06  1.480676E-06  8.269972E-05  3.305900E-04  1.095019E-05  1.623392E-05 -7.593201E-06 -4.058918E-06  1.109453E-01  4.036796E+00  1.757872E+01  0.000000E+00
 -8.069334E-04  2.646371E+02  2.315227E-02  1.168876E-06  1.320391E-06  7.672132E-05  3.199590E-04  1.517061E-05  3.213583E-05  2.207290E-06 -4.065969E-06  5.969613E-01  4.198979E+00  1.796087E+01  0.000000E+00
 -8.020303E-04  2.646484E+02  2.874585E-02  1.577332E-06  1.610161E-06  9.120077E-05  3.303802E-04  1.704149E-05 -6.892441E-06 -6.986706E-06  1.571403E-07  3.640813E-01  3.694251E+00  2.010089E+01  0.000000E+00
 -7.971272E-04  2.646522E+02  2.166604E-02  1.160984E-06  1.228555E-06  8.435826E-05  3.295307E-04  2.031488E-05  2.266938E-05 -1.981173E-06 -3.670362E-06  7.044091E-01  4.322780E+00  1.780801E+01  0.000000E+00
 -7.922241E-04  2.646622E+02  2.531664E-02  1.310227E-06  1.337333E-06  8.997491E-05  3.348414E-04  1.464208E-05 -7.336456E-06 -3.534898E-06  1.741209E-06  6.078659E-01  4.086611E+00  1.956588E+01  0.000000E+00
 -7.873210E-04  2.646715E+02  2.117378E-02  1.089714E-06  1.270069E-06  9.342342E-05  3.404020E-04  2.148615E-05 -2.238242E-06 -6.950987E-06  8.235406E-07  1.003254E+00  4.301127E+00  1.887802E+01  0.000000E+00
 -7.824179E-04  2.646802E+02  2.243653E-02  1.365276E-06  1.110236E-06  1.041949E-04  3.247209E-04  1.974146E-05 -1.118581E-05 -7.965707E-06  2.012018E-06  7.943616E-01  4.216659E+00  1.910731E+01  0.000000E+00
 -7.775148E-04  2.646873E+02  2.199648E-02  1.137692E-06  1.272727E-06  1.118987E-04  3.251001E-04  1.925081E-05  1.106911E-05 -2.766009E-06 -1.422462E-06  1.148619E+00  3.724946E+00  1.994803E+01  0.000000E+00
 -7.726117E-04  2.646950E+02  1.954139E-02  1.168315E-06  1.094025E-06  1.160962E-04  3.190643E-04  3.988975E-05  1.100851E-06 -1.524749E-05  3.624057E-07  1.224749E+00  3.941496E+00  1.956588E+01  0.000000E+00
 -7.677086E-04  2.647034E+02  1.890250E-02  1.124968E-06  1.209040E-06  1.179558E-04  3.434136E-04  1.368052E-05  8.108944E-06  2.233807E-07 -2.242181E-06  1.252711E+00  4.005805E+00  1.872516E+01  0.000000E+00
 -7.628055E-04  2.647103E+02  1.991282E-02  1.095030E-06  1.191042E-06  1.272022E-04  3.348721E-04  1.561064E-05 -9.582633E-06 -6.283671E-06  2.291818E-06  1.502938E+00  3.784260E+00  1.994803E+01  0.000000E+00
 -7.579024E-04  2.647186E+02  1.894807E-02  1.000641E-06  1.252306E-06  1.294411E-04  3.419854E-04  2.753523E-05  6.771605E-07 -8.392530E-06 -1.148864E-06  1.695511E+00  3.774583E+00  1.826658E+01  0.000000E+00
 -7.529993E-04  2.647242E+02  1.629324E-02  1.013541E-06  9.303767E-07  1.314237E-04  3.102322E-04  1.734968E-05 -4.555562E-06 -3.397573E-06  8.041161E-07  1.594434E+00  3.865023E+00  2.086518E+01  0.000000E+00
 -7.480962E-04  2.647343E+02  1.673663E-02  1.024426E-06  1.052586E-06  1.418883E-04  3.424161E-04  2.577187E-05  1.139751E-05 -5.252437E-06 -1.055864E-06  1.749370E+00  4.189437E+00  1.926016E+01  0.000000E+00
 -7.431931E-04  2.647423E+02  1.550560E-02  9.691216E-07  1.070160E-06  1.387385E-04  3.265846E-04  3.530003E-05 -1.709046E-06 -8.729283E-06  9.049788E-07  1.714133E+00  3.550387E+00  2.109447E+01  0.000000E+00
 -7.382900E-04  2.647523E+02  1.647907E-02  1.128515E-06  1.041909E-06  1.451356E-04  3.388526E-04  1.280380E-05  1.392796E-06 -3.365505E-06 -1.613226E-06  1.579429E+00  4.047016E+00  2.040660E+01  0.000000E+00
 -7.333869E-04  2.647603E+02  1.556950E-02  1.084760E-06  1.047387E-06  1.555149E-04  3.408977E-04  2.619704E-05  2.775626E-06 -5.084128E-06 -4.853099E-07  1.799298E+00  3.890184E+00  2.048303E+01  0.000000E+00
 -7.284838E-04  2.647666E+02  1.357297E-02  1.073033E-06  9.364728E-07  1.585620E-04  3.249760E-04  2.726996E-05 -1.680197E-07 -7.231373E-06  1.124080E-06  1.808382E+00  3.851145E+00  2.254662E+01  0.000000E+00
 -7.235807E-04  2.647749E+02  1.438443E-02  9.350765E-07  9.668688E-07  1.588598E-04  3.346512E-04  2.167556E-05  1.399243E-05 -5.068201E-06 -2.193204E-06  2.004086E+00  3.768532E+00  2.208805E+01  0.000000E+00
 -7.186775E-04  2.647841E+02  1.373563E-02  9.968354E-07  9.090852E-07  1.742916E-04  3.192115E-04  3.473596E-05 -2.966298E-05 -8.523467E-06  3.543541E-06  2.227847E+00  3.549708E+00  2.071232E+01  0.000000E+00
 -7.137744E-04  2.647924E+02  1.316684E-02  9.290118E-07  9.896188E-07  1.615378E-04  3.353835E-04  2.634029E-05 -1.824515E-05 -6.317560E-06  2.416178E-06  1.882730E+00  3.588580E+00  2.170590E+01  0.000000E+00
 -7.088713E-04  2.648019E+02  1.215927E-02  1.007831E-06  8.796695E-07  1.733305E-04  3.253236E-04  2.081945E-05  3.474426E-05 -7.774183E-06 -3.758813E-06  1.958758E+00  3.687486E+00  2.208805E+01  0.000000E+00
 -7.039682E-04  2.648110E+02  1.269783E-02  8.995455E-07  9.531076E-07  1.713241E-04  3.251011E-04  3.647994E-05  3.698896E-06 -9.491374E-06 -3.344634E-07  2.184650E+00  3.339459E+00  2.262305E+01  0.000000E+00
 -6.990651E-04  2.648199E+02  1.186984E-02  9.183727E-07  1.007897E-06  1.808539E-04  3.218650E-04  2.630246E-05  2.905229E-06 -5.680012E-06  7.256386E-08  2.270581E+00  2.986761E+00  2.193519E+01  0.000000E+00
 -6.941620E-04  2.648272E+02  1.078099E-02  9.300804E-07  1.000961E-06  1.739309E-04  3.191347E-04  3.372736E-05  3.226354E-05 -9.233793E-06 -3.488319E-06  1.904185E+00  2.948275E+00  2.384592E+01  0.000000E+00
 -6.892589E-04  2.648343E+02  1.125831E-02  1.018698E-06  9.207732E-07  1.934642E-04  3.017180E-04  2.302741E-05 -2.726571E-05 -5.119176E-06  3.160371E-06  2.114848E+00  2.773003E+00  2.063589E+01  0.000000E+00
 -6.843558E-04  2.648425E+02  1.069467E-02  9.482280E-07  1.045087E-06  1.806508E-04  3.349149E-04  1.701411E-05 -1.009053E-05 -5.567740E-06  1.235399E-06  2.079670E+00  2.972715E+00  2.392235E+01  0.000000E+00
 -6.794527E-04  2.648493E+02  9.971790E-03  9.831782E-07  8.711926E-07  1.909262E-04  3.033556E-04  4.186353E-05 -2.016548E-05 -1.151306E-05  2.229433E-06  2.065755E+00  2.843873E+00  2.285234E+01  0.000000E+00
 -6.745496E-04  2.648580E+02  9.594828E-03  9.332607E-07  9.956008E-07  1.905510E-04  3.242205E-04  2.334841E-05 -7.334449E-06 -5.415053E-06 -5.072690E-07  2.156251E+00  2.867252E+00  2.338734E+01  0.000000E+00
 -6.696465E-04  2.648676E+02  9.936569E-03  9.351559E-07  1.010319E-06  1.878631E-04  3.192940E-04  2.110042E-05  2.437573E-05 -7.212797E-06 -2.577222E-06  2.058294E+00  2.655606E+00  2.438092E+01  0.000000E+00
 -6.647434E-04  2.648760E+02  9.899311E-03  9.197342E-07  9.291356E-07  1.888972E-04  3.099657E-04  2.876274E-05 -2.028028E-05 -6.837938E-06  1.829803E-06  2.105105E+00  2.756139E+00  2.376949E+01  0.000000E+00
 -6.598403E-04  2.648864E+02  9.316417E-03  8.736679E-07  1.030774E-06  1.873966E-04  3.243197E-04  3.518350E-05  3.038636E-06 -6.364768E-06 -5.785197E-08  2.067370E+00  2.477722E+00  2.430449E+01  0.000000E+00
 -6.549372E-04  2.648955E+02  9.574648E-03  1.030357E-06  8.936595E-07  2.036802E-04  2.970316E-04  2.996464E-05  7.553587E-06 -8.317516E-06 -9.530445E-07  2.005497E+00  2.521815E+00  2.468664E+01  0.000000E+00
 -6.500341E-04  2.649031E+02  8.563328E-03  9.120545E-07  9.475932E-07  1.870072E-04  3.090406E-04  6.211762E-06 -9.787108E-08 -2.174426E-06 -8.512532E-08  1.882638E+00  2.532538E+00  2.384592E+01  0.000000E+00
 -6.451310E-04  2.649112E+02  8.029209E-03  8.621613E-07  9.190464E-07  1.874876E-04  3.142691E-04  3.449159E-05 -1.663440E-05 -9.251648E-06  1.663534E-06  2.086468E+00  2.557253E+00  2.652094E+01  0.000000E+00
 -6.402279E-04  2.649182E+02  8.060138E-03  9.546314E-07  9.280114E-07  2.014722E-04  3.057972E-04  3.228882E-05  1.930202E-05 -7.589482E-06 -1.822458E-06  1.991746E+00  2.230237E+00  2.361663E+01  0.000000E+00
 -6.353247E-04  2.649249E+02  7.626785E-03  9.948528E-07  8.372830E-07  2.014788E-04  2.949360E-04  2.892185E-05 -4.420407E-06 -6.365925E-06  7.119932E-07  1.922391E+00  2.486383E+00  2.575665E+01  0.000000E+00
 -6.304216E-04  2.649317E+02  7.627596E-03  9.048971E-07  8.748529E-07  1.947604E-04  3.024843E-04  4.219352E-05  1.230308E-05 -1.021714E-05 -3.951610E-07  1.899499E+00  2.400960E+00  2.438092E+01  0.000000E+00
 -6.255185E-04  2.649401E+02  7.913916E-03  8.912948E-07  9.186852E-07  1.978280E-04  3.015633E-04  2.987693E-05 -1.224721E-05 -6.621017E-06  9.282317E-07  1.925342E+00  2.155606E+00  2.644451E+01  0.000000E+00
 -6.206154E-04  2.649486E+02  7.032315E-03  8.732053E-07  8.904858E-07  1.997201E-04  2.981678E-04  2.722725E-05  8.425712E-06 -6.734105E-06 -1.082140E-06  1.962620E+00  2.168436E+00  2.705595E+01  0.000000E+00
 -6.157123E-04  2.649578E+02  7.464680E-03  8.785139E-07  8.911692E-07  1.987057E-04  2.964390E-04  3.458422E-05  4.251484E-06 -8.104309E-06 -2.707377E-08  2.029000E+00  2.078768E+00  2.575665E+01  0.000000E+00
 -6.108092E-04  2.649674E+02  7.077164E-03  9.194206E-07  8.803879E-07  2.007541E-04  2.924414E-04  3.163888E-05  6.547859E-06 -6.588448E-06  3.528489E-07  1.871421E+00  2.086879E+00  2.804953E+01  0.000000E+00
 -6.059061E-04  2.649755E+02  6.834656E-03  8.631696E-07  9.232830E-07  1.985113E-04  2.930033E-04  2.123097E-05 -1.456622E-05 -6.625715E-06  8.129654E-07  1.971565E+00  1.941633E+00  2.774381E+01  0.000000E+00
 -6.010030E-04  2.649843E+02  6.581692E-03  9.022498E-07  9.355809E-07  2.019935E-04  3.012960E-04  3.632380E-05  1.035269E-05 -9.890730E-06 -1.310146E-06  1.798516E+00  2.094893E+00  2.713238E+01  0.000000E+00
 -5.960999E-04  2.649915E+02  6.174357E-03  8.771325E-07  8.292647E-07  2.123677E-04  2.825860E-04  1.450372E-05  3.621499E-06 -5.317566E-06 -1.440561E-07  2.177721E+00  1.873683E+00  2.499236E+01  0.000000E+00
 -5.911968E-04  2.649986E+02  5.875041E-03  8.550203E-07  8.806898E-07  1.968270E-04  2.857301E-04  2.355767E-05 -4.366111E-06 -7.180224E-06  5.502912E-07  1.879590E+00  1.799495E+00  2.889025E+01  0.000000E+00
 -5.862937E-04  2.650064E+02  5.894000E-03  8.883711E-07  9.330179E-07  2.076838E-04  2.955856E-04  2.922595E-05  2.075576E-06 -6.927125E-06 -4.820928E-07  1.882468E+00  1.781959E+00  2.690309E+01  0.000000E+00
 -5.813906E-04  2.650128E+02  5.803471E-03  8.211719E-07  8.394746E-07  1.949946E-04  2.780962E-04  1.734645E-05 -6.555426E-06 -5.340603E-06  9.167613E-07  1.715376E+00  1.709251E+00  2.866096E+01  0.000000E+00
 -5.764875E-04  2.650209E+02  5.873621E-03  8.727914E-07  8.844388E-07  2.067582E-04  2.874618E-04  2.556794E-05 -4.700724E-07 -6.677085E-06 -5.079405E-07  1.914724E+00  1.674198E+00  2.720880E+01  0.000000E+00
 -5.715844E-04  2.650280E+02  5.641592E-03  8.118348E-07  8.586110E-07  1.974085E-04  2.870775E-04  1.993239E-05  6.645376E-06 -6.146002E-06 -1.159400E-06  1.741590E+00  1.727186E+00  2.812595E+01  0.000000E+00
 -5.666813E-04  2.650362E+02  5.363723E-03  8.465148E-07  8.430525E-07  2.034863E-04  2.786042E-04  2.765164E-05 -1.387464E-05 -6.444136E-06  9.872644E-07  1.888222E+00  1.705800E+00  2.873739E+01  0.000000E+00
 -5.617782E-04  2.650439E+02  5.384999E-03  8.526931E-07  8.107135E-07  2.045631E-04  2.722633E-04  1.927954E-05  8.721339E-06 -5.789036E-06  6.881407E-08  1.756180E+00  1.620604E+00  2.988383E+01  0.000000E+00
 -5.568751E-04  2.650518E+02  5.356164E-03  8.458849E-07  9.026476E-07  2.077564E-04  2.802480E-04  3.387292E-05  2.217513E-06 -8.390643E-06 -1.507914E-06  1.817506E+00  1.535418E+00  2.827881E+01  0.000000E+00
 -5.519720E-04  2.650595E+02  5.340947E-03  8.006683E-07  8.311616E-07  1.926409E-04  2.782646E-04  3.652911E-05 -2.139681E-07 -7.413325E-06  7.985185E-07  1.597944E+00  1.666257E+00  3.110669E+01  0.000000E+00
 -5.470688E-04  2.650679E+02  5.107324E-03  8.928557E-07  7.904985E-07  2.134437E-04  2.637978E-04  1.889731E-05 -2.087985E-06 -6.176697E-06  3.404511E-07  1.861829E+00  1.560895E+00  2.950168E+01  0.000000E+00
 -5.421657E-04  2.650755E+02  5.124435E-03  8.113180E-07  8.168540E-07  1.993281E-04  2.718651E-04  2.024681E-05  5.742069E-07 -5.572266E-06 -5.965969E-07  1.652022E+00  1.514393E+00  2.973097E+01  0.000000E+00
 -5.372626E-04  2.650836E+02  4.947335E-03  8.586587E-07  8.313019E-07  2.085634E-04  2.761485E-04  2.342381E-05 -9.778363E-06 -6.310639E-06  7.177109E-07  1.753244E+00  1.525141E+00  3.064812E+01  0.000000E+00
 -5.323595E-04  2.650908E+02  4.612634E-03  8.152842E-07  8.765388E-07  1.988663E-04  2.750744E-04  4.273935E-05  1.431409E-06 -8.921886E-06  4.495137E-07  1.633498E+00  1.422556E+00  3.034240E+01  0.000000E+00
 -5.274564E-04  2.650977E+02  4.421073E-03  8.618187E-07  8.455604E-07  2.030215E-04  2.656736E-04  1.948049E-05  1.045643E-05 -6.351908E-06 -4.066914E-07  1.578324E+00  1.284651E+00  3.049526E+01  0.000000E+00
 -5.225533E-04  2.651044E+02  4.505597E-03  8.919269E-07  8.205549E-07  2.125870E-04  2.571395E-04  1.237502E-05  5.140622E-06 -5.802981E-06 -4.105954E-07  1.565159E+00  1.324558E+00  3.095384E+01  0.000000E+00
 -5.176502E-04  2.651117E+02  4.559430E-03  8.172931E-07  8.448533E-07  2.027593E-04  2.741405E-04  2.377753E-05 -4.814068E-07 -6.557030E-06 -1.097537E-08  1.615286E+00  1.408300E+00  3.171813E+01  0.000000E+00
 -5.127471E-04  2.651188E+02  4.380719E-03  8.166912E-07  8.081867E-07  2.007486E-04  2.607743E-04  2.903025E-05 -7.037050E-06 -5.805950E-06 -4.261767E-08  1.523556E+00  1.237565E+00  3.125955E+01  0.000000E+00
 -5.078440E-04  2.651262E+02  4.119773E-03  7.622180E-07  7.757592E-07  2.030824E-04  2.642554E-04  2.120015E-05  4.776987E-06 -6.731596E-06  1.266142E-07  1.673460E+00  1.299898E+00  3.072455E+01  0.000000E+00
 -5.029409E-04  2.651340E+02  4.336305E-03  8.698596E-07  8.408257E-07  2.101633E-04  2.546047E-04  3.118996E-05 -1.594629E-06 -7.406867E-06  2.034096E-07  1.510291E+00  1.097667E+00  3.217670E+01  0.000000E+00
 -4.980378E-04  2.651408E+02  4.150024E-03  8.094648E-07  8.335746E-07  2.030070E-04  2.585126E-04  2.300346E-05  4.226620E-06 -6.601777E-06 -8.714007E-07  1.502548E+00  1.113139E+00  3.057169E+01  0.000000E+00
 -4.931347E-04  2.651475E+02  3.952565E-03  8.448759E-07  7.779036E-07  2.134321E-04  2.562271E-04  2.993675E-05 -3.784272E-06 -7.589214E-06  5.806479E-07  1.505392E+00  1.228370E+00  3.454601E+01  0.000000E+00
 -4.882316E-04  2.651544E+02  3.984131E-03  8.419225E-07  8.246507E-07  2.097084E-04  2.617529E-04  8.362076E-06 -1.349196E-06 -5.503480E-06  5.909345E-07  1.561641E+00  1.107232E+00  3.225313E+01  0.000000E+00
 -4.833285E-04  2.651607E+02  3.806219E-03  8.315382E-07  8.120335E-07  2.075857E-04  2.556581E-04  1.845391E-05 -5.005827E-06 -5.300989E-06  1.516035E-07  1.524999E+00  1.155120E+00  3.255885E+01  0.000000E+00
 -4.784254E-04  2.651676E+02  3.860644E-03  7.860018E-07  8.384622E-07  1.998179E-04  2.542763E-04  2.191390E-05  9.268578E-06 -7.189981E-06 -8.662660E-07  1.419880E+00  1.040488E+00  3.378172E+01  0.000000E+00
 -4.735223E-04  2.651753E+02  4.112454E-03  8.836962E-07  8.491927E-07  2.093686E-04  2.527754E-04  3.256655E-05 -1.475160E-05 -6.118229E-06  5.720946E-07  1.266992E+00  9.140465E-01  3.378172E+01  0.000000E+00
 -4.686192E-04  2.651828E+02  4.032024E-03  8.385271E-07  8.219911E-07  2.084880E-04  2.545633E-04  1.820742E-05  1.688107E-05 -6.200796E-06  1.976524E-07  1.417554E+00  1.046532E+00  3.408743E+01  0.000000E+00
 -4.637160E-04  2.651904E+02  4.093114E-03  7.879323E-07  8.658758E-07  2.018112E-04  2.506203E-04  1.529434E-05  6.022319E-06 -6.581378E-06 -9.538801E-07  1.359486E+00  8.563245E-01  3.286457E+01  0.000000E+00
 -4.588129E-04  2.651977E+02  3.806281E-03  7.995777E-07  7.979245E-07  2.028777E-04  2.502617E-04  2.546927E-05  7.274968E-06 -6.947711E-06 -2.146725E-07  1.315310E+00  9.544313E-01  3.546316E+01  0.000000E+00
 -4.539098E-04  2.652053E+02  3.760318E-03  8.386037E-07  8.316029E-07  2.130508E-04  2.515565E-04  2.441420E-05 -7.679609E-06 -6.963118E-06 -5.831997E-08  1.401260E+00  9.474072E-01  3.416386E+01  0.000000E+00
 -4.490067E-04  2.652117E+02  3.504648E-03  8.566914E-07  8.494291E-07  2.068682E-04  2.510218E-04  1.671822E-05 -7.648454E-06 -6.240872E-06  1.239290E-07  1.229006E+00  8.695237E-01  3.446958E+01  0.000000E+00
 -4.441036E-04  2.652179E+02  3.380114E-03  7.977453E-07  8.592139E-07  2.076642E-04  2.531268E-04  2.180977E-05 -1.328533E-06 -6.075211E-06  4.582938E-07  1.392441E+00  8.131878E-01  3.355243E+01  0.000000E+00
 -4.392005E-04  2.652237E+02  3.276703E-03  7.757627E-07  8.452383E-07  2.072869E-04  2.437630E-04  2.466078E-05  2.555352E-07 -6.539276E-06 -6.143718E-08  1.382491E+00  7.421670E-01  3.401101E+01  0.000000E+00
 -4.342974E-04  2.652296E+02  3.066167E-03  8.421221E-07  8.417988E-07  2.120222E-04  2.574137E-04  2.087832E-05 -8.710911E-06 -6.108329E-06 -1.929360E-08  1.192446E+00  8.655235E-01  3.485173E+01  0.000000E+00
 -4.293943E-04  2.652351E+02  3.277048E-03  8.140009E-07  8.471343E-07  2.090592E-04  2.443004E-04  1.691739E-05  3.396531E-06 -6.021304E-06 -6.144087E-07  1.309015E+00  7.530657E-01  3.531030E+01  0.000000E+00
 -4.244912E-04  2.652409E+02  3.489088E-03  8.245936E-07  8.412414E-07  2.092255E-04  2.479040E-04  1.957538E-05  1.224547E-05 -6.752859E-06 -9.791508E-08  1.225937E+00  7.380527E-01  3.592174E+01  0.000000E+00
 -4.195881E-04  2.652471E+02  3.601505E-03  8.417706E-07  8.916169E-07  2.116655E-04  2.478523E-04  2.290294E-05  7.568898E-06 -7.510696E-06 -2.914140E-07  1.149784E+00  6.153243E-01  3.569245E+01  0.000000E+00
 -4.146850E-04  2.652539E+02  3.496188E-03  8.203089E-07  8.366073E-07  2.088361E-04  2.453056E-04  1.009109E-05 -1.399685E-05 -5.269885E-06  8.359958E-08  1.256942E+00  7.497784E-01  3.767961E+01  0.000000E+00
 -4.097819E-04  2.652612E+02  3.636084E-03  8.869743E-07  8.079291E-07  2.178992E-04  2.387856E-04  1.918942E-05  1.187116E-05 -6.652325E-06 -3.735416E-08  1.182486E+00  6.271627E-01  3.630388E+01  0.000000E+00
 -4.048788E-04  2.652685E+02  3.483742E-03  8.363703E-07  8.413765E-07  2.080824E-04  2.484673E-04  1.323630E-05 -1.245127E-05 -5.004039E-06  4.968128E-07  1.019526E+00  6.536856E-01  3.691532E+01  0.000000E+00
 -3.999757E-04  2.652758E+02  3.146694E-03  8.675386E-07  8.717605E-07  2.137912E-04  2.405260E-04  2.300175E-05  1.931391E-06 -6.620202E-06 -4.399473E-07  1.084811E+00  6.249565E-01  3.775604E+01  0.000000E+00
 -3.950726E-04  2.652827E+02  3.271126E-03  8.399628E-07  8.736676E-07  2.075533E-04  2.438577E-04  1.559527E-05  9.001181E-07 -5.724800E-06 -6.806893E-07  1.017711E+00  5.529607E-01  3.806175E+01  0.000000E+00
 -3.901695E-04  2.652891E+02  2.945411E-03  8.699755E-07  8.406972E-07  2.149562E-04  2.364982E-04  2.539106E-05 -5.599461E-06 -5.792956E-06  8.273295E-08  1.109319E+00  4.876988E-01  3.638031E+01  0.000000E+00
 -3.852664E-04  2.652954E+02  3.052534E-03  8.747303E-07  9.006761E-07  2.152742E-04  2.425828E-04  1.421005E-05 -6.036971E-06 -6.407194E-06  7.349770E-07  1.081126E+00  4.734302E-01  3.874962E+01  0.000000E+00
 -3.803633E-04  2.653011E+02  2.795834E-03  8.926358E-07  8.139113E-07  2.130409E-04  2.347792E-04  2.714313E-05  6.554252E-06 -6.212396E-06  3.357787E-07  9.168045E-01  4.977910E-01  3.683889E+01  0.000000E+00
 -3.754601E-04  2.653067E+02  2.820867E-03  8.307896E-07  8.868159E-07  2.133274E-04  2.427518E-04  1.744944E-05  2.977934E-06 -5.214166E-06  1.180996E-07  1.057345E+00  4.725420E-01  3.775604E+01  0.000000E+00
 -3.705570E-04  2.653121E+02  2.707943E-03  8.874130E-07  8.176939E-07  2.210992E-04  2.363658E-04  2.786076E-05 -5.967339E-06 -7.062371E-06  1.449139E-07  9.911241E-01  4.894613E-01  3.783247E+01  0.000000E+00
 -3.656539E-04  2.653171E+02  3.026816E-03  8.803780E-07  8.889468E-07  2.192533E-04  2.351958E-04  1.231414E-05  5.292628E-06 -5.577868E-06 -6.251605E-07  9.442981E-01  4.310293E-01  3.874962E+01  0.000000E+00
 -3.607508E-04  2.653220E+02  2.835034E-03  8.651731E-07  8.589775E-07  2.168749E-04  2.350185E-04  1.308804E-05  1.176142E-05 -5.780027E-06 -2.675541E-07  9.832526E-01  3.404561E-01  4.050749E+01  0.000000E+00
 -3.558477E-04  2.653272E+02  3.019658E-03  8.978189E-07  8.884517E-07  2.234342E-04  2.361407E-04  2.168050E-05 -4.120889E-06 -6.296360E-06  1.045115E-06  9.617096E-01  3.916100E-01  3.722103E+01  0.000000E+00
 -3.509446E-04  2.653328E+02  3.173827E-03  8.674317E-07  8.891034E-07  2.176398E-04  2.405864E-04  1.492962E-05 -8.395766E-06 -6.444815E-06 -2.688457E-07  9.370150E-01  3.510396E-01  3.928462E+01  0.000000E+00
 -3.460415E-04  2.653397E+02  3.358718E-03  8.900737E-07  9.021687E-07  2.165574E-04  2.370010E-04  1.441319E-05  1.933446E-06 -5.987551E-06  1.521072E-07  7.894109E-01  3.314484E-01  4.088964E+01  0.000000E+00
 -3.411384E-04  2.653473E+02  3.423361E-03  8.818595E-07  8.876690E-07  2.161887E-04  2.311271E-04  1.344686E-05 -3.972282E-06 -5.521342E-06 -4.356973E-07  8.487996E-01  2.795017E-01  4.096606E+01  0.000000E+00
 -3.362353E-04  2.653549E+02  3.347684E-03  9.243369E-07  8.427802E-07  2.262309E-04  2.331234E-04  1.730309E-05  5.592047E-06 -6.143068E-06 -5.365402E-07  8.159460E-01  2.888951E-01  4.043106E+01  0.000000E+00
 -3.313322E-04  2.653617E+02  3.059748E-03  9.520658E-07  9.326531E-07  2.285292E-04  2.372935E-04  1.589643E-05 -1.097319E-05 -5.697662E-06  6.679996E-07  8.538638E-01  2.690080E-01  4.027820E+01  0.000000E+00
 -3.264291E-04  2.653670E+02  2.751149E-03  8.874673E-07  9.367697E-07  2.181650E-04  2.319770E-04  2.115794E-05  8.384851E-06 -5.852876E-06 -8.442747E-07  7.744784E-01  2.073914E-01  3.897890E+01  0.000000E+00
 -3.215260E-04  2.653711E+02  2.607645E-03  8.795359E-07  8.748425E-07  2.248112E-04  2.320043E-04  8.436961E-06 -4.051727E-06 -5.568689E-06  2.581378E-07  8.431863E-01  2.507158E-01  4.088964E+01  0.000000E+00
 -3.166229E-04  2.653749E+02  2.551558E-03  8.813250E-07  8.939775E-07  2.190710E-04  2.360323E-04  2.458322E-05  3.568552E-06 -6.075517E-06  5.994993E-07  8.140099E-01  2.154394E-01  4.134821E+01  0.000000E+00
 -3.117198E-04  2.653792E+02  2.756266E-03  9.520828E-07  9.276107E-07  2.287163E-04  2.283479E-04  1.407917E-05  1.072611E-05 -6.588222E-06  2.060261E-07  6.925706E-01  1.645906E-01  4.073678E+01  0.000000E+00
 -3.068167E-04  2.653843E+02  2.844031E-03  8.899004E-07  8.682361E-07  2.212680E-04  2.254735E-04  1.728941E-05 -4.564065E-06 -5.594390E-06 -8.011967E-07  6.542881E-01  1.928402E-01  3.997248E+01  0.000000E+00
 -3.019136E-04  2.653908E+02  3.146688E-03  9.095834E-07  9.416011E-07  2.235129E-04  2.345255E-04  1.209536E-05  7.012271E-06 -5.558464E-06  2.876510E-08  8.005629E-01  1.378092E-01  4.264751E+01  0.000000E+00
 -2.970105E-04  2.653982E+02  3.271400E-03  9.216260E-07  9.304069E-07  2.248809E-04  2.376080E-04  2.208851E-05  2.608902E-07 -5.711458E-06  5.073106E-07  7.322963E-01  1.272084E-01  4.264751E+01  0.000000E+00
 -2.921073E-04  2.654050E+02  3.274477E-03  9.702608E-07  9.379767E-07  2.305934E-04  2.316066E-04  1.722547E-05  1.099081E-06 -6.103077E-06 -2.831183E-08  6.204788E-01  8.675016E-02  4.241822E+01  0.000000E+00
 -2.872042E-04  2.654102E+02  2.847951E-03  8.787990E-07  8.881998E-07  2.278884E-04  2.333593E-04  4.361285E-06 -4.870143E-06 -6.106433E-06  2.588928E-08  7.987107E-01  2.055442E-01  4.180679E+01  0.000000E+00
 -2.823011E-04  2.654148E+02  2.885917E-03  9.222240E-07  9.914846E-07  2.274085E-04  2.304396E-04  1.461022E-05 -3.240789E-06 -4.775526E-06  6.445212E-07  6.239695E-01  2.852564E-02  4.295322E+01  0.000000E+00
 -2.773980E-04  2.654179E+02  2.933137E-03  1.013294E-06  9.394065E-07  2.378600E-04  2.286773E-04  2.707667E-06  3.496446E-06 -5.634741E-06  6.150505E-07  5.968525E-01  5.099064E-02  4.127178E+01  0.000000E+00
 -2.724949E-04  2.654207E+02  2.474276E-03  8.871238E-07  9.222863E-07  2.297566E-04  2.327214E-04  1.168437E-05  5.318276E-06 -5.164139E-06 -4.937391E-07  7.430368E-01  8.206382E-02  4.188322E+01  0.000000E+00
 -2.675918E-04  2.654245E+02  2.799687E-03  9.770125E-07  9.209145E-07  2.344919E-04  2.299896E-04  3.501691E-06 -5.706780E-06 -4.307504E-06 -4.405395E-07  5.405569E-01  6.253847E-03  4.471110E+01  0.000000E+00
 -2.626887E-04  2.654293E+02  3.206632E-03  9.710775E-07  9.971491E-07  2.390738E-04  2.325829E-04  6.086537E-06  3.561448E-06 -5.638200E-06 -5.541941E-07  5.857386E-01 -1.016651E-03  4.425252E+01  0.000000E+00
 -2.577856E-04  2.654350E+02  2.940243E-03  8.609734E-07  9.252417E-07  2.248786E-04  2.280792E-04  1.986571E-05 -7.881742E-06 -5.593104E-06  4.870651E-08  6.520416E-01  3.725073E-02  4.341180E+01  0.000000E+00
 -2.528825E-04  2.654420E+02  3.283206E-03  9.741365E-07  9.887467E-07  2.386989E-04  2.280261E-04  1.839944E-06  3.392227E-06 -4.632829E-06 -9.738187E-08  5.979808E-01 -8.131516E-02  4.539896E+01  0.000000E+00
 -2.479794E-04  2.654490E+02  3.319251E-03  1.022791E-06  9.766442E-07  2.390638E-04  2.309222E-04  1.982917E-05 -6.022015E-06 -5.005325E-06  1.929456E-07  4.646191E-01 -8.576564E-03  4.562825E+01  0.000000E+00
 -2.430763E-04  2.654553E+02  2.990082E-03  9.257728E-07  9.462295E-07  2.326328E-04  2.322974E-04  1.514292E-05  1.108686E-05 -5.316014E-06  1.792136E-07  5.578890E-01 -1.500961E-02  4.478753E+01  0.000000E+00
 -2.381732E-04  2.654611E+02  3.010640E-03  9.823173E-07  1.038859E-06  2.401452E-04  2.354815E-04  1.055152E-05 -5.519271E-06 -4.894861E-06  1.287156E-07  5.227398E-01 -9.407870E-02  4.501681E+01  0.000000E+00
 -2.332701E-04  2.654655E+02  2.873388E-03  1.032339E-06  9.666934E-07  2.502759E-04  2.241299E-04  1.506110E-05  3.365122E-07 -5.273362E-06  8.749996E-09  4.702228E-01 -1.147985E-01  4.448181E+01  0.000000E+00
 -2.283670E-04  2.654687E+02  2.349974E-03  9.408588E-07  9.996670E-07  2.335471E-04  2.386542E-04  1.045085E-05  2.199981E-06 -5.523316E-06  4.151032E-07  6.091167E-01 -5.184974E-02  4.463467E+01  0.000000E+00
 -2.234639E-04  2.654713E+02  2.970316E-03  1.014344E-06  1.001168E-06  2.413024E-04  2.281747E-04 -5.216533E-06  3.662055E-06 -4.885264E-06  1.108338E-07  4.346912E-01 -1.693934E-01  4.371752E+01  0.000000E+00
 -2.185608E-04  2.654733E+02  2.784859E-03  1.039101E-06  9.854321E-07  2.528058E-04  2.324228E-04  2.071005E-05 -8.430940E-06 -5.721676E-06  1.056971E-08  5.313157E-01 -6.484376E-02  4.471110E+01  0.000000E+00
 -2.136577E-04  2.654754E+02  2.814487E-03  9.625045E-07  9.689041E-07  2.368589E-04  2.311780E-04  6.435524E-06  2.672943E-07 -5.138007E-06 -3.455978E-07  4.565817E-01 -1.338064E-01  4.478753E+01  0.000000E+00
 -2.087546E-04  2.654789E+02  3.346948E-03  9.882015E-07  1.022635E-06  2.448074E-04  2.312134E-04  1.165467E-05 -2.287054E-08 -4.886028E-06  5.946135E-08  4.277266E-01 -1.838470E-01  4.616325E+01  0.000000E+00
 -2.038514E-04  2.654833E+02  3.334905E-03  1.026914E-06  9.664830E-07  2.481913E-04  2.277742E-04  6.240421E-06 -9.761510E-06 -4.522094E-06 -7.516214E-07  4.627434E-01 -1.597389E-01  4.730969E+01  0.000000E+00
 -1.989483E-04  2.654892E+02  3.631163E-03  1.016483E-06  1.041731E-06  2.436449E-04  2.402048E-04  4.325777E-07  2.679296E-06 -4.480675E-06 -1.314137E-07  3.965912E-01 -1.599068E-01  4.746255E+01  0.000000E+00
 -1.940452E-04  2.654960E+02  3.802145E-03  1.040206E-06  1.005854E-06  2.532369E-04  2.311540E-04  7.563904E-06  5.172907E-07 -4.933980E-06  2.094372E-07  4.355922E-01 -1.987203E-01  4.868542E+01  0.000000E+00
 -1.891421E-04  2.655026E+02  3.492765E-03  1.010349E-06  1.006716E-06  2.491566E-04  2.316162E-04  7.870064E-06  1.325483E-06 -5.061518E-06  2.980563E-07  4.334850E-01 -1.754882E-01  4.769184E+01  0.000000E+00
 -1.842390E-04  2.655085E+02  3.201898E-03  9.994147E-07  1.004735E-06  2.499430E-04  2.373675E-04  1.949480E-05  8.314583E-06 -5.715241E-06  1.479081E-07  4.181854E-01 -2.311851E-01  4.730969E+01  0.000000E+00
 -1.793359E-04  2.655129E+02  3.200211E-03  1.053362E-06  1.050009E-06  2.542083E-04  2.330022E-04  1.512174E-05 -3.042846E-06 -4.428469E-06  2.556832E-07  3.395925E-01 -2.465936E-01  4.738612E+01  0.000000E+00
 -1.744328E-04  2.655155E+02  2.703713E-03  1.008440E-06  1.022373E-06  2.522499E-04  2.379067E-04 -4.135529E-06 -1.338091E-06 -4.434543E-06 -5.552476E-07  4.912475E-01 -2.466190E-01  4.669826E+01  0.000000E+00
 -1.695297E-04  2.655174E+02  3.153778E-03  1.105132E-06  1.072246E-06  2.548945E-04  2.374272E-04  2.015390E-05  6.979833E-06 -4.888249E-06  2.614732E-07  3.175951E-01 -2.828215E-01  4.753898E+01  0.000000E+00
 -1.646266E-04  2.655190E+02  3.027525E-03  1.004828E-06  1.040265E-06  2.555244E-04  2.369613E-04 -5.501802E-06  1.262778E-06 -4.040879E-06  1.643073E-07  3.350070E-01 -2.961377E-01  4.769184E+01  0.000000E+00
 -1.597235E-04  2.655214E+02  3.098566E-03  1.051757E-06  1.035966E-06  2.586384E-04  2.367152E-04  4.874815E-06  1.461102E-08 -4.967270E-06  2.858027E-08  3.275514E-01 -1.985540E-01  4.738612E+01  0.000000E+00
 -1.548204E-04  2.655248E+02  3.326147E-03  1.079374E-06  1.010084E-06  2.628196E-04  2.264137E-04  3.760463E-06 -9.001425E-06 -4.296635E-06 -4.220039E-07  3.540869E-01 -3.153332E-01  4.922042E+01  0.000000E+00
 -1.499173E-04  2.655292E+02  3.037422E-03  9.892810E-07  1.070614E-06  2.474763E-04  2.396478E-04  5.661740E-06  8.908054E-07 -4.888520E-06 -4.179905E-09  4.269246E-01 -2.789834E-01  5.029043E+01  0.000000E+00
 -1.450142E-04  2.655342E+02  3.423827E-03  1.067145E-06  1.070328E-06  2.629358E-04  2.378802E-04  5.057571E-06  4.066976E-06 -4.310311E-06  1.489406E-07  2.827916E-01 -2.825858E-01  4.860899E+01  0.000000E+00
 -1.401111E-04  2.655386E+02  3.597766E-03  1.069042E-06  1.117625E-06  2.642640E-04  2.391628E-04 -2.543338E-06  2.055151E-06 -4.071544E-06  1.465453E-07  3.079675E-01 -3.901004E-01  5.029043E+01  0.000000E+00
 -1.352080E-04  2.655422E+02  3.536674E-03  1.045526E-06  1.103508E-06  2.600120E-04  2.433252E-04  1.322339E-05 -1.474775E-06 -4.744938E-06  3.061475E-07  2.830996E-01 -2.688406E-01  4.792112E+01  0.000000E+00
 -1.303049E-04  2.655453E+02  3.462582E-03  1.146756E-06  1.035183E-06  2.713195E-04  2.316671E-04 -6.364801E-06  9.412945E-07 -4.431612E-06 -3.323732E-07  2.666653E-01 -3.178878E-01  5.151330E+01  0.000000E+00
 -1.254018E-04  2.655480E+02  3.125792E-03  1.019148E-06  1.076333E-06  2.539812E-04  2.387881E-04  8.407346E-06 -2.336284E-06 -4.052831E-06  7.348426E-08  3.853738E-01 -3.303904E-01  4.937328E+01  0.000000E+00
 -1.204986E-04  2.655511E+02  3.546197E-03  1.135443E-06  1.052401E-06  2.727005E-04  2.366927E-04 -5.661048E-06  2.367476E-06 -4.154670E-06 -9.063675E-08  2.106229E-01 -3.308209E-01  5.013757E+01  0.000000E+00
 -1.155955E-04  2.655544E+02  3.572325E-03  1.078684E-06  1.106752E-06  2.638311E-04  2.477883E-04  4.188693E-06 -4.334640E-06 -3.770138E-06 -4.875932E-07  3.251733E-01 -3.650104E-01  5.051972E+01  0.000000E+00
 -1.106924E-04  2.655577E+02  3.390952E-03  1.033745E-06  1.116145E-06  2.595398E-04  2.403576E-04  6.693611E-06 -1.114313E-05 -4.637770E-06 -9.274573E-07  3.091601E-01 -3.482728E-01  5.105472E+01  0.000000E+00
 -1.057893E-04  2.655610E+02  3.667290E-03  1.173454E-06  1.068738E-06  2.803824E-04  2.387473E-04  7.986066E-08 -6.582672E-06 -3.980736E-06  1.016266E-07  2.524496E-01 -3.894568E-01  5.151330E+01  0.000000E+00
 -1.008862E-04  2.655634E+02  3.411810E-03  1.065693E-06  1.141266E-06  2.631016E-04  2.451700E-04 -5.898199E-06  7.085100E-06 -3.332755E-06  2.029738E-07  3.119455E-01 -3.776572E-01  5.006114E+01  0.000000E+00
 -9.598312E-05  2.655657E+02  3.823726E-03  1.138876E-06  1.083593E-06  2.745452E-04  2.384939E-04  1.806892E-06 -2.094436E-06 -4.023247E-06  8.541849E-08  1.922870E-01 -4.125900E-01  5.380617E+01  0.000000E+00
 -9.108001E-05  2.655675E+02  3.456168E-03  1.000219E-06  1.159553E-06  2.558411E-04  2.505522E-04  4.635219E-06  1.023263E-06 -3.605351E-06 -8.849206E-09  3.204519E-01 -3.788838E-01  4.990828E+01  0.000000E+00
 -8.617691E-05  2.655702E+02  3.746584E-03  1.165930E-06  1.057978E-06  2.813097E-04  2.377258E-04 -5.548592E-06 -5.142521E-07 -3.916096E-06  3.473588E-07  2.320488E-01 -4.043643E-01  5.311831E+01  0.000000E+00
 -8.127380E-05  2.655734E+02  3.768772E-03  1.120238E-06  1.085741E-06  2.750035E-04  2.455853E-04  8.532616E-06  4.163667E-06 -4.064480E-06  3.001342E-08  2.358262E-01 -3.891528E-01  5.166616E+01  0.000000E+00
 -7.637070E-05  2.655772E+02  3.811054E-03  1.113027E-06  1.134170E-06  2.728414E-04  2.434351E-04 -6.726398E-06  1.861834E-06 -3.386378E-06  4.933358E-07  2.230796E-01 -4.740270E-01  5.372975E+01  0.000000E+00
 -7.146759E-05  2.655809E+02  3.812589E-03  1.127417E-06  1.145699E-06  2.813984E-04  2.448523E-04  9.229201E-06 -4.695021E-06 -3.839068E-06 -6.180466E-07  1.853142E-01 -4.744153E-01  5.334760E+01  0.000000E+00
 -6.656449E-05  2.655833E+02  3.248766E-03  1.079908E-06  1.114848E-06  2.693043E-04  2.433222E-04 -9.451249E-06 -1.093057E-06 -4.184866E-06 -2.434126E-08  2.499947E-01 -3.986273E-01  5.258331E+01  0.000000E+00
 -6.166138E-05  2.655853E+02  3.597020E-03  1.205877E-06  1.072480E-06  2.957070E-04  2.423668E-04  2.070231E-06  1.096824E-06 -3.285037E-06  1.266581E-08  1.621063E-01 -4.180107E-01  5.235402E+01  0.000000E+00
 -5.675827E-05  2.655862E+02  3.399961E-03  1.023869E-06  1.203091E-06  2.625490E-04  2.551045E-04 -5.397978E-06 -5.478368E-07 -3.801779E-06 -2.015415E-07  1.977240E-01 -5.545558E-01  5.350046E+01  0.000000E+00
 -5.185517E-05  2.655875E+02  3.901675E-03  1.192663E-06  1.131075E-06  2.926043E-04  2.500637E-04  9.380152E-06  4.433355E-06 -3.058309E-06  1.529341E-07  1.938831E-01 -4.066538E-01  5.334760E+01  0.000000E+00
 -4.695206E-05  2.655895E+02  3.681029E-03  1.103988E-06  1.089854E-06  2.785212E-04  2.456039E-04  4.056599E-06  4.152262E-06 -3.470288E-06 -3.265569E-07  2.158267E-01 -5.007263E-01  5.357689E+01  0.000000E+00
 -4.204896E-05  2.655922E+02  3.606073E-03  1.096079E-06  1.144057E-06  2.752812E-04  2.459772E-04 -1.169288E-05 -4.160539E-06 -3.211585E-06 -2.697237E-07  2.136643E-01 -5.051073E-01  5.449404E+01  0.000000E+00
 -3.714585E-05  2.655955E+02  3.881839E-03  1.203096E-06  1.129671E-06  2.939005E-04  2.487182E-04 -1.131655E-05  2.293179E-06 -3.695225E-06  4.951215E-07  1.457461E-01 -4.678904E-01  5.426475E+01  0.000000E+00
 -3.224275E-05  2.655976E+02  3.856310E-03  1.126577E-06  1.137690E-06  2.857450E-04  2.474390E-04  2.903459E-06 -2.488937E-06 -2.761494E-06  5.693431E-07  1.859642E-01 -5.210156E-01  5.434118E+01  0.000000E+00
 -2.733964E-05  2.655986E+02  3.885872E-03  1.144935E-06  1.216014E-06  2.866341E-04  2.595187E-04 -1.669661E-05 -6.890877E-07 -3.873427E-06 -2.141135E-07  2.178774E-01 -5.063180E-01  5.418832E+01  0.000000E+00
 -2.243653E-05  2.655985E+02  3.736923E-03  1.163822E-06  1.108606E-06  2.887776E-04  2.484997E-04  9.258809E-06  6.850983E-06 -3.114989E-06  9.723948E-08  2.062008E-01 -4.820239E-01  5.502904E+01  0.000000E+00
 -1.753343E-05  2.655984E+02  3.734687E-03  1.182234E-06  1.115678E-06  2.872127E-04  2.479893E-04 -1.610660E-05 -1.012956E-06 -3.045446E-06 -5.008724E-08  1.785556E-01 -4.934243E-01  5.533476E+01  0.000000E+00
 -1.263032E-05  2.655992E+02  3.986188E-03  1.102782E-06  1.235056E-06  2.795910E-04  2.617465E-04 -1.124582E-05 -4.870189E-06 -3.005985E-06 -6.696015E-07  1.899300E-01 -5.202544E-01  5.479975E+01  0.000000E+00
 -7.727217E-06  2.656019E+02  4.143008E-03  1.219263E-06  1.100691E-06  2.966225E-04  2.499473E-04  1.846856E-06 -1.516400E-06 -2.349049E-06 -2.365751E-07  1.797008E-01 -5.428819E-01  5.594619E+01  0.000000E+00
 -2.824111E-06  2.656049E+02  3.872423E-03  1.054168E-06  1.142661E-06  2.731166E-04  2.541955E-04 -7.593958E-06 -1.420803E-05 -3.455445E-06 -6.784992E-07  2.463562E-01 -4.839382E-01  5.648120E+01  0.000000E+00
  2.078995E-06  2.656085E+02  4.043633E-03  1.251086E-06  1.161957E-06  3.048818E-04  2.520775E-04 -1.156063E-05  9.398907E-06 -2.322000E-06  6.135190E-07  1.550250E-01 -5.433655E-01  5.732192E+01  0.000000E+00
  6.982101E-06  2.656104E+02  4.273294E-03  1.181977E-06  1.128700E-06  2.962194E-04  2.529251E-04  8.576283E-06  6.550943E-06 -2.793126E-06  7.756400E-08  1.978990E-01 -5.761471E-01  5.625191E+01  0.000000E+00
  1.188521E-05  2.656102E+02  4.372174E-03  1.152473E-06  1.186458E-06  2.909234E-04  2.568791E-04 -1.520809E-05 -8.000892E-06 -2.556244E-06 -4.127588E-07  1.359719E-01 -5.340981E-01  5.732192E+01  0.000000E+00
  1.678831E-05  2.656092E+02  3.992788E-03  1.113933E-06  1.103172E-06  2.841599E-04  2.508129E-04 -1.175379E-05  3.850794E-06 -2.613650E-06  2.816658E-07  2.682259E-01 -4.589668E-01  5.464690E+01  0.000000E+00
  2.169142E-05  2.656089E+02  4.598428E-03  1.191209E-06  1.230815E-06  3.005881E-04  2.637858E-04 -1.807405E-05  6.961110E-06 -2.236195E-06  6.944647E-07  1.423408E-01 -5.541221E-01  5.885050E+01  0.000000E+00
  2.659452E-05  2.656092E+02  4.030428E-03  1.122942E-06  1.134256E-06  2.839559E-04  2.558195E-04 -4.713912E-06 -4.804007E-06 -2.476233E-06  2.388163E-07  1.418277E-01 -5.197327E-01  5.518190E+01  0.000000E+00
  3.149763E-05  2.656112E+02  4.227431E-03  1.201980E-06  1.162224E-06  2.999949E-04  2.552162E-04 -1.500985E-05 -1.077843E-06 -2.501359E-06 -7.834295E-07  1.629041E-01 -5.665241E-01  5.778049E+01  0.000000E+00
  3.640073E-05  2.656134E+02  4.099626E-03  1.138682E-06  1.211040E-06  2.861944E-04  2.648181E-04 -9.131847E-06 -7.091359E-06 -2.864871E-06 -8.909077E-07  1.479046E-01 -6.364115E-01  5.953837E+01  0.000000E+00
  4.130384E-05  2.656147E+02  4.130073E-03  1.198745E-06  1.137103E-06  3.054462E-04  2.530002E-04 -8.819372E-06  1.084630E-06 -2.034206E-06  1.633195E-07  1.110252E-01 -5.461707E-01  5.785692E+01  0.000000E+00
  4.620695E-05  2.656144E+02  3.815013E-03  1.142425E-06  1.153939E-06  2.860105E-04  2.603802E-04 -1.881498E-05  1.985301E-06 -2.059433E-06  1.233965E-06  2.246057E-01 -5.214848E-01  5.770407E+01  0.000000E+00
  5.111005E-05  2.656132E+02  4.100172E-03  1.226457E-06  1.198098E-06  3.077154E-04  2.622232E-04 -1.391893E-05  4.442620E-06 -1.675073E-06 -5.764197E-07  1.234936E-01 -5.237774E-01  5.655763E+01  0.000000E+00
  5.601316E-05  2.656111E+02  3.911656E-03  1.104640E-06  1.219551E-06  2.841679E-04  2.637858E-04 -1.224412E-05  1.438120E-06 -2.047483E-06  1.129263E-07  1.882049E-01 -5.672673E-01  5.800978E+01  0.000000E+00
  6.091626E-05  2.656105E+02  4.218696E-03  1.143806E-06  1.197193E-06  2.923118E-04  2.638946E-04 -1.326510E-05 -6.102133E-06 -1.906755E-06 -4.112950E-07  2.030407E-01 -5.503583E-01  6.014980E+01  0.000000E+00
  6.581937E-05  2.656115E+02  4.212413E-03  1.216278E-06  1.149293E-06  3.005700E-04  2.597639E-04 -1.632065E-06  5.860815E-06 -1.614232E-06  1.102160E-06  1.799034E-01 -5.500200E-01  5.938551E+01  0.000000E+00
  7.072248E-05  2.656137E+02  4.289534E-03  1.201708E-06  1.181285E-06  3.055294E-04  2.598266E-04 -9.465178E-06  1.743499E-06 -1.771788E-06 -2.144706E-07  1.257444E-01 -5.448549E-01  6.099052E+01  0.000000E+00
  7.562558E-05  2.656162E+02  3.957389E-03  1.191233E-06  1.149209E-06  3.045668E-04  2.597953E-04 -3.190499E-05 -1.451282E-06 -1.563768E-06 -5.202169E-07  2.011812E-01 -5.482174E-01  6.022623E+01  0.000000E+00
  8.052869E-05  2.656175E+02  4.072765E-03  1.198233E-06  1.189637E-06  3.019401E-04  2.631911E-04 -1.869122E-05  6.439190E-06 -1.722058E-06  3.880657E-07  2.031075E-01 -5.953888E-01  6.022623E+01  0.000000E+00
  8.543179E-05  2.656166E+02  4.219847E-03  1.193726E-06  1.221657E-06  2.991487E-04  2.703832E-04 -7.492882E-06 -1.130739E-05 -1.768631E-06 -9.932457E-07  1.037240E-01 -5.809631E-01  5.793335E+01  0.000000E+00
  9.033490E-05  2.656136E+02  4.092509E-03  1.199243E-06  1.196878E-06  3.000506E-04  2.653342E-04 -1.546382E-05 -6.283434E-06 -1.129712E-06 -6.654001E-07  1.632073E-01 -5.522981E-01  6.060838E+01  0.000000E+00
  9.523800E-05  2.656095E+02  4.052449E-03  1.122022E-06  1.175592E-06  2.878908E-04  2.643546E-04 -1.178564E-05  5.468224E-06 -1.668596E-06  7.936980E-07  2.022323E-01 -6.274319E-01  5.877407E+01  0.000000E+00
  1.001411E-04  2.656064E+02  4.050818E-03  1.213331E-06  1.216413E-06  3.066417E-04  2.704736E-04 -2.967122E-05  6.335430E-06 -5.087167E-07  1.853554E-07  1.870611E-01 -5.297989E-01  5.992051E+01  0.000000E+00
  1.050442E-04  2.656049E+02  4.016374E-03  1.173862E-06  1.149600E-06  3.005505E-04  2.589852E-04 -1.095268E-06 -4.606266E-06 -1.554635E-06 -1.794209E-07  1.604528E-01 -5.663371E-01  6.175481E+01  0.000000E+00
  1.099473E-04  2.656055E+02  3.926026E-03  1.187927E-06  1.203188E-06  3.016262E-04  2.644045E-04 -3.519603E-05  6.128831E-06 -1.492626E-06  6.924789E-07  2.158219E-01 -5.394177E-01  6.106695E+01  0.000000E+00
  1.148504E-04  2.656077E+02  4.089156E-03  1.186115E-06  1.175223E-06  2.954569E-04  2.666423E-04 -1.003479E-05 -2.805887E-07 -7.388971E-07  1.707626E-07  2.085575E-01 -5.861529E-01  6.404769E+01  0.000000E+00
  1.197535E-04  2.656101E+02  4.009920E-03  1.166471E-06  1.207757E-06  2.994753E-04  2.659189E-04 -9.646961E-06 -6.956364E-06 -8.011799E-07 -6.247581E-07  1.926781E-01 -5.045829E-01  5.869765E+01  0.000000E+00
  1.246566E-04  2.656108E+02  3.976368E-03  1.226364E-06  1.205910E-06  3.109118E-04  2.720806E-04 -3.447973E-05  3.126975E-06 -1.062364E-06 -9.995698E-08  1.819971E-01 -5.797552E-01  6.274839E+01  0.000000E+00
  1.295597E-04  2.656087E+02  3.979026E-03  1.205715E-06  1.144385E-06  3.006108E-04  2.604079E-04 -2.402753E-05  6.339300E-06 -8.754474E-07  2.186341E-07  2.020577E-01 -5.366292E-01  6.228982E+01  0.000000E+00
  1.344628E-04  2.656043E+02  4.210110E-03  1.185069E-06  1.172448E-06  2.973318E-04  2.715375E-04 -1.995569E-05 -5.789156E-06 -1.440203E-06 -6.509796E-08  2.590653E-01 -5.354818E-01  5.992051E+01  0.000000E+00
  1.393660E-04  2.655986E+02  4.570962E-03  1.234521E-06  1.199259E-06  3.099169E-04  2.705224E-04 -2.144289E-05  1.318650E-06 -3.522000E-08 -4.040056E-08  1.761419E-01 -5.353839E-01  6.297768E+01  0.000000E+00
  1.442691E-04  2.655932E+02  4.185528E-03  1.177811E-06  1.202662E-06  2.961824E-04  2.681131E-04 -2.523344E-05 -2.813729E-06 -4.982465E-07  1.251696E-07  2.138650E-01 -5.709571E-01  6.290125E+01  0.000000E+00
  1.491722E-04  2.655905E+02  3.976196E-03  1.173617E-06  1.162379E-06  3.014518E-04  2.625056E-04 -2.553824E-05  5.272406E-06 -5.796169E-07 -1.725779E-07  2.644853E-01 -4.611863E-01  6.121981E+01  0.000000E+00
  1.540753E-04  2.655904E+02  4.177673E-03  1.214417E-06  1.258712E-06  3.072883E-04  2.755458E-04 -2.180480E-05 -7.174788E-06  6.225437E-08  5.896630E-09  2.174373E-01 -5.345771E-01  6.473555E+01  0.000000E+00
  1.589784E-04  2.655920E+02  4.118384E-03  1.226120E-06  1.168679E-06  3.053699E-04  2.703804E-04 -2.309276E-05  1.069991E-05 -7.224265E-07  8.786412E-07  2.378694E-01 -5.590677E-01  6.450627E+01  0.000000E+00
  1.638815E-04  2.655935E+02  3.945418E-03  1.175297E-06  1.201494E-06  2.977255E-04  2.684955E-04 -2.164472E-05 -1.907921E-06  1.855408E-07 -5.149438E-07  2.650279E-01 -4.229783E-01  6.458270E+01  0.000000E+00
  1.687846E-04  2.655932E+02  4.164343E-03  1.231712E-06  1.212382E-06  3.114404E-04  2.730125E-04 -2.221684E-05 -5.715967E-06 -2.662275E-07  7.754873E-09  2.254349E-01 -5.293838E-01  6.420055E+01  0.000000E+00
  1.736877E-04  2.655897E+02  4.111177E-03  1.201896E-06  1.151616E-06  2.980083E-04  2.657992E-04 -3.176938E-05 -2.136121E-06 -4.226460E-07 -1.329065E-07  2.996042E-01 -5.219196E-01  6.328340E+01  0.000000E+00
  1.785908E-04  2.655840E+02  4.521471E-03  1.219003E-06  1.197272E-06  3.035375E-04  2.737162E-04 -2.887170E-05  3.027105E-06 -1.788544E-07 -1.241045E-07  2.100726E-01 -4.611179E-01  6.366554E+01  0.000000E+00
  1.834939E-04  2.655777E+02  4.633667E-03  1.183701E-06  1.237893E-06  2.988259E-04  2.773886E-04 -3.651396E-05  4.690187E-08  8.206642E-07 -1.399025E-07  2.470637E-01 -4.721983E-01  6.099052E+01  0.000000E+00
  1.883970E-04  2.655725E+02  4.504448E-03  1.179973E-06  1.166759E-06  3.024052E-04  2.658553E-04 -2.271134E-05 -4.633820E-06  4.657633E-08  2.005717E-07  2.859746E-01 -4.680705E-01  6.404769E+01  0.000000E+00
  1.933001E-04  2.655694E+02  4.166769E-03  1.207570E-06  1.254509E-06  2.961171E-04  2.809441E-04 -3.370245E-05  8.544243E-06  9.904450E-07  7.011771E-08  2.721589E-01 -4.986661E-01  6.603485E+01  0.000000E+00
  1.982032E-04  2.655680E+02  4.207782E-03  1.180174E-06  1.167888E-06  3.006770E-04  2.653987E-04 -3.211157E-05 -2.633845E-06  4.278513E-07  1.869041E-07  2.595835E-01 -4.070548E-01  6.611128E+01  0.000000E+00
  2.031063E-04  2.655674E+02  4.112449E-03  1.173065E-06  1.166402E-06  2.945568E-04  2.705984E-04 -2.751517E-05 -8.901404E-06  2.748629E-07 -4.745188E-07  2.939398E-01 -4.750526E-01  6.534699E+01  0.000000E+00
  2.080094E-04  2.655658E+02  3.809982E-03  1.172403E-06  1.171810E-06  2.927206E-04  2.679272E-04 -2.930998E-05  6.221385E-06  7.233528E-07 -2.665723E-07  2.902938E-01 -3.870110E-01  6.618771E+01  0.000000E+00
  2.129125E-04  2.655625E+02  4.140090E-03  1.217146E-06  1.218343E-06  3.046789E-04  2.761544E-04 -1.983708E-05 -2.484274E-06  1.358611E-06  2.826634E-07  2.400462E-01 -5.246970E-01  6.572913E+01  0.000000E+00
  2.178156E-04  2.655570E+02  3.812423E-03  1.122644E-06  1.191101E-06  2.834290E-04  2.800090E-04 -2.889904E-05  7.877530E-06 -2.409083E-07  9.914643E-07  3.747997E-01 -4.832312E-01  6.328340E+01  0.000000E+00
  2.227188E-04  2.655509E+02  4.059190E-03  1.198366E-06  1.175568E-06  2.974323E-04  2.756870E-04 -3.170603E-05 -4.353607E-06  4.598424E-07 -5.774464E-07  3.020852E-01 -3.834622E-01  6.473555E+01  0.000000E+00
  2.276219E-04  2.655452E+02  4.054503E-03  1.224634E-06  1.181339E-06  3.029964E-04  2.714485E-04 -4.150747E-05 -3.105809E-06  1.694792E-06 -5.589667E-07  2.753709E-01 -3.718257E-01  6.672271E+01  0.000000E+00
  2.325250E-04  2.655408E+02  3.958633E-03  1.158972E-06  1.139286E-06  2.904688E-04  2.662555E-04 -1.960295E-05 -4.625347E-06  7.339943E-07  1.247537E-07  3.707760E-01 -4.074422E-01  6.626414E+01  0.000000E+00
  2.374281E-04  2.655377E+02  3.880251E-03  1.133675E-06  1.233582E-06  2.843361E-04  2.802060E-04 -5.117783E-05  3.183755E-06  1.793507E-06 -6.640271E-07  3.626420E-01 -3.827835E-01  6.878630E+01  0.000000E+00
  2.423312E-04  2.655350E+02  3.808733E-03  1.155820E-06  1.182040E-06  2.930990E-04  2.694990E-04 -2.292591E-05 -1.007464E-05  9.056444E-07  6.992240E-07  3.492777E-01 -4.144058E-01  6.611128E+01  0.000000E+00
  2.472343E-04  2.655314E+02  3.785387E-03  1.254479E-06  1.119414E-06  2.973690E-04  2.676366E-04 -3.379923E-05  1.370785E-05  1.523868E-06  2.124085E-07  3.487607E-01 -3.712468E-01  6.687557E+01  0.000000E+00
  2.521374E-04  2.655262E+02  4.036795E-03  1.156113E-06  1.244787E-06  2.917470E-04  2.760952E-04 -4.087868E-05 -3.152394E-06  2.085793E-06 -2.419579E-07  3.523694E-01 -2.960097E-01  6.519413E+01  0.000000E+00
  2.570405E-04  2.655198E+02  4.329217E-03  1.200994E-06  1.098642E-06  2.946936E-04  2.589424E-04 -2.979443E-05 -3.361112E-06  5.820520E-07  4.115202E-07  3.732824E-01 -3.612282E-01  6.672271E+01  0.000000E+00
  2.619436E-04  2.655131E+02  4.564789E-03  1.194024E-06  1.183096E-06  2.888782E-04  2.832797E-04 -3.538063E-05  7.301846E-06  1.308988E-06  2.588348E-07  3.610011E-01 -3.771369E-01  6.878630E+01  0.000000E+00
  2.668467E-04  2.655070E+02  4.427812E-03  1.189161E-06  1.181708E-06  2.872677E-04  2.744615E-04 -5.438818E-05  6.631605E-06  2.372245E-06 -1.081524E-06  3.824809E-01 -2.743380E-01  6.733415E+01  0.000000E+00
  2.717498E-04  2.655024E+02  4.334759E-03  1.158020E-06  1.217191E-06  2.866790E-04  2.782921E-04 -3.443614E-05 -1.193345E-05  2.066104E-06  5.786178E-07  3.601790E-01 -2.992063E-01  6.802201E+01  0.000000E+00
  2.766529E-04  2.654974E+02  4.243581E-03  1.152694E-06  1.122309E-06  2.822814E-04  2.643622E-04 -3.730996E-05  3.789647E-06  1.875137E-06 -2.879536E-07  4.763243E-01 -2.975702E-01  6.779272E+01  0.000000E+00
  2.815560E-04  2.654921E+02  4.251427E-03  1.211272E-06  1.197734E-06  2.914158E-04  2.713499E-04 -5.129608E-05 -9.476187E-06  3.594828E-06 -2.397568E-07  3.922223E-01 -2.149736E-01  6.748701E+01  0.000000E+00
  2.864591E-04  2.654852E+02  4.496627E-03  1.163809E-06  1.174833E-06  2.858189E-04  2.694791E-04 -4.466957E-05 -2.147683E-07  1.869392E-06  4.517143E-07  3.959572E-01 -2.966716E-01  6.611128E+01  0.000000E+00
  2.913622E-04  2.654776E+02  4.591028E-03  1.108392E-06  1.158969E-06  2.669426E-04  2.739886E-04 -3.476306E-05  1.168283E-05  3.076529E-06 -6.820061E-07  4.533567E-01 -2.202417E-01  6.947417E+01  0.000000E+00
  2.962653E-04  2.654703E+02  4.466119E-03  1.180979E-06  1.191632E-06  2.860723E-04  2.705472E-04 -3.159127E-05 -9.416166E-06  2.632581E-06  5.963395E-07  4.204691E-01 -2.277786E-01  6.962702E+01  0.000000E+00
  3.011684E-04  2.654637E+02  4.413484E-03  1.129115E-06  1.142918E-06  2.767885E-04  2.724829E-04 -5.724344E-05  7.149922E-06  1.575354E-06 -2.600840E-08  4.882297E-01 -2.376937E-01  6.893916E+01  0.000000E+00
  3.060715E-04  2.654585E+02  4.461747E-03  1.154915E-06  1.121828E-06  2.745613E-04  2.715837E-04 -4.719453E-05  4.082371E-06  3.483573E-06 -7.149500E-07  4.686209E-01 -1.505810E-01  6.725772E+01  0.000000E+00
  3.109747E-04  2.654528E+02  4.413467E-03  1.165095E-06  1.180752E-06  2.793796E-04  2.696775E-04 -4.165646E-05 -1.095202E-05  3.293975E-06  9.994663E-08  4.912438E-01 -1.230129E-01  6.909202E+01  0.000000E+00
  3.158778E-04  2.654452E+02  4.836984E-03  1.142911E-06  1.140141E-06  2.723316E-04  2.665267E-04 -4.202370E-05  4.398134E-06  2.749820E-06  4.750146E-08  4.757973E-01 -1.787075E-01  7.054418E+01  0.000000E+00
  3.207809E-04  2.654368E+02  4.972537E-03  1.101096E-06  1.101127E-06  2.630333E-04  2.681380E-04 -4.751710E-05 -4.742667E-06  3.796760E-06  2.782849E-07  5.350665E-01 -3.134986E-02  6.733415E+01  0.000000E+00
  3.256840E-04  2.654272E+02  5.161480E-03  1.163206E-06  1.167290E-06  2.794720E-04  2.679432E-04 -5.610244E-05  7.586475E-06  3.301924E-06  4.798284E-07  5.129731E-01 -1.165345E-01  7.062060E+01  0.000000E+00
  3.305871E-04  2.654187E+02  5.065275E-03  1.151658E-06  1.121576E-06  2.744354E-04  2.710554E-04 -4.622088E-05 -2.586452E-06  3.729812E-06 -2.469176E-07  5.566589E-01 -8.761111E-02  6.848059E+01  0.000000E+00
  3.354902E-04  2.654111E+02  5.149931E-03  1.149229E-06  1.073829E-06  2.687295E-04  2.597317E-04 -3.335259E-05  7.421683E-06  3.023022E-06  9.431549E-07  5.677768E-01  7.965836E-03  6.901559E+01  0.000000E+00
  3.403933E-04  2.654035E+02  5.302109E-03  1.112752E-06  1.160436E-06  2.623001E-04  2.718239E-04 -5.814461E-05 -4.589072E-06  3.783143E-06 -9.068348E-07  6.277877E-01 -7.216136E-02  7.161418E+01  0.000000E+00
  3.452964E-04  2.653959E+02  5.484389E-03  1.132901E-06  1.106319E-06  2.613635E-04  2.757082E-04 -4.345660E-05  4.427784E-06  3.546359E-06 -1.287159E-07  5.382282E-01  8.573012E-03  6.932131E+01  0.000000E+00
  3.501995E-04  2.653868E+02  5.783399E-03  1.099127E-06  1.138854E-06  2.654490E-04  2.637806E-04 -6.313314E-05 -2.051702E-06  3.998011E-06 -4.057384E-07  6.039791E-01  1.733590E-02  7.084989E+01  0.000000E+00
  3.551026E-04  2.653772E+02  5.772145E-03  1.159525E-06  1.098053E-06  2.659348E-04  2.654527E-04 -4.496229E-05  3.657606E-06  4.182662E-06 -6.500522E-08  5.855645E-01  4.452115E-02  6.947417E+01  0.000000E+00
  3.600057E-04  2.653673E+02  5.886612E-03  1.107875E-06  1.134522E-06  2.589262E-04  2.688231E-04 -6.127227E-05 -1.527219E-05  4.333474E-06  9.396920E-08  6.454249E-01  7.404949E-02  7.092632E+01  0.000000E+00
  3.649088E-04  2.653581E+02  5.950786E-03  1.051369E-06  1.080876E-06  2.512262E-04  2.567800E-04 -4.601532E-05  1.263316E-05  4.328946E-06  3.188336E-07  6.878658E-01  8.849601E-02  6.802201E+01  0.000000E+00
  3.698119E-04  2.653487E+02  6.144026E-03  1.129394E-06  1.112658E-06  2.549964E-04  2.704162E-04 -5.504010E-05 -4.770843E-06  4.414397E-06  3.667716E-07  6.484640E-01  1.589493E-01  7.100275E+01  0.000000E+00
  3.747150E-04  2.653383E+02  6.678346E-03  1.085651E-06  1.076085E-06  2.476398E-04  2.620817E-04 -5.989496E-05 -2.618612E-06  5.307051E-06  6.824881E-08  6.588071E-01  1.071933E-01  6.962702E+01  0.000000E+00
  3.796181E-04  2.653272E+02  6.988022E-03  1.082933E-06  1.080384E-06  2.513446E-04  2.640357E-04 -6.148811E-05  7.841702E-08  4.783024E-06  8.056221E-08  6.735352E-01  2.260862E-01  7.146133E+01  0.000000E+00
  3.845212E-04  2.653154E+02  7.358563E-03  1.124983E-06  1.074611E-06  2.556940E-04  2.706700E-04 -5.850543E-05  6.696116E-06  5.012464E-06 -7.610052E-07  7.016367E-01  1.878112E-01  6.962702E+01  0.000000E+00
  3.894243E-04  2.653032E+02  7.433758E-03  1.046401E-06  1.086286E-06  2.352323E-04  2.656010E-04 -6.235148E-05  9.135873E-07  6.308112E-06 -8.148936E-08  7.156072E-01  2.920611E-01  6.985631E+01  0.000000E+00
  3.943275E-04  2.652915E+02  7.480289E-03  1.067931E-06  1.088025E-06  2.460954E-04  2.619376E-04 -6.525257E-05  3.826648E-06  4.749079E-06 -4.534187E-07  7.482453E-01  2.373390E-01  7.161418E+01  0.000000E+00
  3.992306E-04  2.652808E+02  7.567686E-03  1.079538E-06  1.076197E-06  2.406409E-04  2.694818E-04 -5.773283E-05 -9.660462E-06  5.837985E-06  2.728620E-07  7.614487E-01  2.983642E-01  7.123204E+01  0.000000E+00
  4.041337E-04  2.652711E+02  7.473471E-03  1.029310E-06  1.065834E-06  2.366379E-04  2.596852E-04 -6.487986E-05 -8.029024E-06  6.043396E-06  7.373212E-07  7.957273E-01  4.034213E-01  7.130847E+01  0.000000E+00
  4.090368E-04  2.652608E+02  7.829484E-03  1.047677E-06  1.036543E-06  2.386914E-04  2.585572E-04 -6.908001E-05  6.859869E-06  5.708435E-06 -1.176486E-07  7.958564E-01  3.767689E-01  7.062060E+01  0.000000E+00
  4.139399E-04  2.652488E+02  8.617520E-03  1.064504E-06  1.037878E-06  2.360581E-04  2.610558E-04 -6.123403E-05 -7.840354E-06  6.881162E-06  3.101975E-07  8.645781E-01  3.792898E-01  7.176704E+01  0.000000E+00
  4.188430E-04  2.652344E+02  9.303747E-03  1.026419E-06  1.036948E-06  2.256909E-04  2.610228E-04 -7.180809E-05  1.260137E-05  6.090533E-06 -4.967740E-07  8.101242E-01  4.725387E-01  7.184347E+01  0.000000E+00
  4.237461E-04  2.652190E+02  9.764071E-03  9.948193E-07  1.024824E-06  2.269756E-04  2.653836E-04 -6.811254E-05 -7.041987E-06  6.105925E-06 -2.778277E-08  8.656209E-01  4.434020E-01  6.909202E+01  0.000000E+00
  4.286492E-04  2.652042E+02  9.746444E-03  1.067139E-06  1.019218E-06  2.312443E-04  2.635037E-04 -6.771554E-05 -1.219266E-06  7.471159E-06 -4.466807E-07  8.717110E-01  5.758520E-01  7.115561E+01  0.000000E+00
  4.335523E-04  2.651906E+02  9.787397E-03  1.025031E-06  1.018702E-06  2.230509E-04  2.596465E-04 -7.339970E-05  2.618930E-06  6.833122E-06  2.174925E-07  8.809148E-01  5.696432E-01  6.947417E+01  0.000000E+00
  4.384554E-04  2.651779E+02  1.031123E-02  9.898043E-07  1.003484E-06  2.221062E-04  2.626000E-04 -7.542283E-05  3.945493E-06  7.639004E-06 -3.898431E-07  9.274924E-01  6.533702E-01  7.008560E+01  0.000000E+00
  4.433585E-04  2.651643E+02  1.082218E-02  1.004229E-06  1.013204E-06  2.206503E-04  2.591032E-04 -6.588029E-05  2.603408E-06  6.876747E-06  1.811443E-07  9.662692E-01  6.145863E-01  7.291348E+01  0.000000E+00
  4.482616E-04  2.651484E+02  1.113659E-02  1.009241E-06  1.044191E-06  2.157672E-04  2.654426E-04 -7.988123E-05  1.464752E-06  7.670200E-06  3.292195E-07  9.672344E-01  7.126284E-01  7.390706E+01  0.000000E+00
  4.531647E-04  2.651325E+02  1.077167E-02  1.011351E-06  9.536716E-07  2.181993E-04  2.589869E-04 -8.173247E-05 -8.500673E-06  7.665620E-06  3.223886E-07  1.037877E+00  7.973599E-01  7.077346E+01  0.000000E+00
  4.580678E-04  2.651165E+02  1.112791E-02  1.009265E-06  1.018870E-06  2.167704E-04  2.667325E-04 -7.492246E-05  9.732950E-08  7.860574E-06  3.641748E-07  1.023819E+00  8.081541E-01  6.748701E+01  0.000000E+00
  4.629709E-04  2.651014E+02  1.180313E-02  9.952499E-07  9.902023E-07  2.064680E-04  2.724670E-04 -7.668814E-05 -2.680421E-07  8.381703E-06  1.981097E-07  9.691162E-01  9.182831E-01  6.656986E+01  0.000000E+00
  4.678740E-04  2.650784E+02  1.259458E-01  1.134302E-06  1.242254E-06  2.225471E-04  2.884529E-04 -8.365993E-05  3.984794E-06  1.001438E-05 -4.952164E-07  9.114589E-01  6.726805E-01  7.459492E+01  0.000000E+00
  4.727771E-04  2.650605E+02  1.229727E-01  1.234377E-06  1.046789E-06  2.355070E-04  2.689653E-04 -8.506534E-05 -5.683295E-08  8.498633E-06 -5.649254E-07  9.297727E-01  8.631083E-01  7.237848E+01  0.000000E+00
  4.776802E-04  2.650462E+02  8.380096E-02  1.050878E-06  1.138009E-06  2.111773E-04  2.809009E-04 -8.426559E-05  6.370733E-06  8.813203E-06 -6.172901E-08  1.035175E+00  8.996353E-01  7.000917E+01  0.000000E+00
  4.825834E-04  2.650279E+02  1.137770E-01  1.485911E-06  9.615232E-07  2.546753E-04  2.593734E-04 -8.429119E-05 -6.290614E-06  8.763471E-06  5.014899E-07  8.733907E-01  1.058545E+00  6.955060E+01  0.000000E+00
  4.874865E-04  2.650030E+02  1.857592E-01  1.635386E-06  1.151721E-06  2.709625E-04  2.825036E-04 -7.406411E-05  4.585341E-06  7.803752E-06 -8.236878E-07  7.506464E-01  9.299128E-01  6.656986E+01  0.000000E+00
  4.923896E-04  2.649838E+02  1.865467E-01  1.351427E-06  1.686729E-06  2.312473E-04  3.273757E-04 -8.729931E-05  3.868220E-06  9.780339E-06  5.142037E-08  8.937031E-01  5.718795E-01  7.023846E+01  0.000000E+00
  4.972927E-04  2.649656E+02  1.651132E-01  1.300502E-06  1.607776E-06  2.226542E-04  3.142458E-04 -8.030613E-05 -2.175063E-06  7.998508E-06  8.101301E-07  9.435948E-01  6.282229E-01  6.993274E+01  0.000000E+00
  5.021958E-04  2.649335E+02  2.211228E-01  1.906377E-06  1.677286E-06  2.810350E-04  3.242020E-04 -9.170642E-05  7.071410E-06  9.379632E-06  9.324046E-08  7.215901E-01  6.549287E-01  6.603485E+01  0.000000E+00
  5.070989E-04  2.649106E+02  2.215558E-01  1.780195E-06  1.874906E-06  2.567289E-04  3.332610E-04 -8.146735E-05 -1.641277E-05  9.004823E-06  9.672988E-07  7.433001E-01  5.820527E-01  6.916845E+01  0.000000E+00
  5.120020E-04  2.648777E+02  2.623752E-01  2.307640E-06  2.095108E-06  3.077419E-04  3.398602E-04 -7.094083E-05  1.002307E-05  7.895354E-06 -1.422697E-06  6.114058E-01  4.496432E-01  7.130847E+01  0.000000E+00
  5.169051E-04  2.648529E+02  2.708830E-01  2.529385E-06  2.357578E-06  3.165069E-04  3.586489E-04 -7.569041E-05 -9.903921E-06  8.166422E-06  2.053063E-07  5.757293E-01  3.945718E-01  6.863344E+01  0.000000E+00
  5.218082E-04  2.648135E+02  3.277938E-01  3.155034E-06  2.779826E-06  3.712280E-04  3.841567E-04 -6.451694E-05  9.302841E-06  6.519161E-06 -6.894952E-08  4.633611E-01  2.751044E-01  6.932131E+01  0.000000E+00
  5.267113E-04  2.648099E+02  2.906110E-01  2.791985E-06  2.703647E-06  3.210725E-04  3.721164E-04 -5.323481E-05  7.592784E-07  5.867893E-06 -3.097670E-07  5.525523E-01  3.615284E-01  6.595842E+01  0.000000E+00
  5.316144E-04  2.647477E+02  3.851091E-01  4.312729E-06  3.614000E-06  4.301483E-04  4.318274E-04 -6.776905E-05 -1.231407E-05  6.019456E-06  7.111550E-08  3.605727E-01  8.395270E-02  6.672271E+01  0.000000E+00
  5.365175E-04  2.647417E+02  3.277321E-01  3.990117E-06  3.917774E-06  3.924020E-04  4.333248E-04 -3.280679E-05  5.497751E-06  4.102835E-06 -1.558771E-07  3.469549E-01  8.981186E-02  6.817487E+01  0.000000E+00
  5.414206E-04  2.646685E+02  3.941718E-01  4.988536E-06  4.401009E-06  4.728421E-04  4.602033E-04 -6.815708E-05  3.726793E-06  3.255848E-06  1.887660E-07  2.080810E-01 -1.650136E-02  6.672271E+01  0.000000E+00
  5.463237E-04  2.646104E+02  4.092008E-01  5.644480E-06  4.670594E-06  5.030219E-04  4.696525E-04 -3.317344E-05 -6.231364E-06  4.979548E-06 -4.415131E-07  1.758157E-01 -7.975451E-02  6.733415E+01  0.000000E+00
  5.512268E-04  2.645487E+02  4.143797E-01  6.581548E-06  5.617213E-06  5.344930E-04  5.056765E-04 -4.438023E-05 -5.906451E-06  2.627045E-06  5.603281E-07  9.389253E-02 -2.177091E-01  7.000917E+01  0.000000E+00
  5.561299E-04  2.644868E+02  4.176654E-01  7.800437E-06  6.590849E-06  5.898060E-04  5.325172E-04 -5.192794E-05  8.626773E-06  2.724800E-06  1.573061E-06 -4.415595E-02 -3.266159E-01  7.360134E+01  0.000000E+00
  5.610330E-04  2.644307E+02  4.059815E-01  8.853538E-06  7.259622E-06  6.157405E-04  5.272345E-04 -6.284621E-05 -3.805568E-06 -6.413711E-07 -1.550600E-06 -2.457595E-01 -4.610758E-01  8.093855E+01  0.000000E+00
  5.659362E-04  2.643795E+02  3.916530E-01  9.086043E-06  7.630605E-06  6.281152E-04  5.117082E-04 -3.712458E-05  1.782226E-06  2.781179E-06  8.438539E-07 -4.395887E-01 -5.896265E-01  8.819933E+01  0.000000E+00
  5.708393E-04  2.643770E+02  3.783477E-01  8.456843E-06  6.936721E-06  5.904886E-04  4.712404E-04 -3.086906E-05  5.319626E-06  2.731474E-06  5.607933E-07 -4.612224E-01 -5.773874E-01  8.819933E+01  0.000000E+00
  5.757424E-04  2.644004E+02  3.422959E-01  7.577773E-06  6.236072E-06  5.309011E-04  4.240370E-04  7.986816E-07 -4.976969E-06  6.485909E-06 -1.251630E-06 -4.788920E-01 -4.911648E-01  9.263222E+01  0.000000E+00
  5.806455E-04  2.643769E+02  3.361087E-01  6.826505E-06  5.549919E-06  5.049841E-04  3.897337E-04 -4.542403E-05 -5.145816E-06  6.391014E-06 -7.907737E-07 -5.442100E-01 -5.347168E-01  8.858147E+01  0.000000E+00
  5.855486E-04  2.643702E+02  3.207170E-01  5.497083E-06  5.021979E-06  4.523315E-04  3.687052E-04 -1.833305E-05  1.340770E-05  8.891700E-06  2.407939E-06 -6.126623E-01 -5.902769E-01  8.735860E+01  0.000000E+00
  5.904517E-04  2.643824E+02  2.913400E-01  4.580836E-06  3.920153E-06  4.004334E-04  3.158196E-04 -3.465819E-05 -2.280183E-05  5.769645E-06 -1.801647E-06 -7.099360E-01 -6.198872E-01  8.124427E+01  0.000000E+00
  5.953548E-04  2.643983E+02  2.611262E-01  3.438372E-06  3.184439E-06  3.535599E-04  2.829153E-04 -3.358652E-05  1.003004E-05  4.966169E-06  1.344304E-06 -8.451939E-01 -7.423787E-01  8.017426E+01  0.000000E+00
  6.002579E-04  2.644158E+02  2.324562E-01  2.696158E-06  2.390972E-06  3.237625E-04  2.378126E-04 -1.443746E-05  8.650836E-06  9.040850E-06  1.032007E-06 -1.015524E+00 -8.067453E-01  8.017426E+01  0.000000E+00
  6.051610E-04  2.644263E+02  2.129191E-01  1.904377E-06  1.678779E-06  2.930749E-04  2.270627E-04 -1.353694E-05 -2.472470E-06  8.593742E-06 -1.567137E-06 -1.204198E+00 -1.141855E+00  6.244268E+01  0.000000E+00
  6.100641E-04  2.644448E+02  1.735062E-01  1.135085E-06  1.096794E-06  2.448880E-04  1.874436E-04 -1.899869E-05 -6.095114E-06  7.329249E-06 -6.003790E-07 -1.487603E+00 -1.362334E+00  5.418832E+01  0.000000E+00
  6.149672E-04  2.644531E+02  1.345167E-01  5.363754E-07  5.585974E-07  1.831185E-04  1.501022E-04 -9.529379E-06  6.378580E-06  6.710582E-06  3.764426E-07 -1.797037E+00 -1.724326E+00  3.531030E+01  0.000000E+00
  6.198703E-04  2.644245E+02  8.640265E-02  2.243762E-07  2.167611E-07  1.437148E-04  1.058527E-04 -9.975959E-06 -9.793405E-06  3.337151E-06 -1.277117E-06 -2.164634E+00 -2.182057E+00  9.935799E+00  0.000000E+00
